 Rule :  [0, 0, 0, 0]
[0, 1, 2, 3, 4, 5, 6, 7, 8, 9, 10, 11, 12, 13, 14, 15] 	 [0, 0, 0, 0, 0, 0, 0, 0, 0, 0, 0, 0, 0, 0, 0, 0]
[0] 			 [0]



 Rule :  [128, 128, 128, 128]
[0, 1, 2, 3, 4, 5, 6, 7, 8, 9, 10, 11, 12, 13, 14, 15] 	 [0, 0, 0, 0, 0, 0, 0, 2, 0, 0, 0, 1, 0, 8, 4, 15]
[ 0  1  2  4  8 15] 			 [0, 0, 0, 0, 0, 15]
[ 0 15] 			 [0, 15]



 Rule :  [2, 2, 2, 2]
[0, 1, 2, 3, 4, 5, 6, 7, 8, 9, 10, 11, 12, 13, 14, 15] 	 [0, 2, 4, 4, 8, 0, 8, 0, 1, 2, 0, 0, 1, 0, 0, 0]
[0 1 2 4 8] 			 [0, 2, 4, 8, 1]



 Rule :  [130, 130, 130, 130]
[0, 1, 2, 3, 4, 5, 6, 7, 8, 9, 10, 11, 12, 13, 14, 15] 	 [0, 2, 4, 4, 8, 0, 8, 2, 1, 2, 0, 1, 1, 8, 4, 15]
[ 0  1  2  4  8 15] 			 [0, 2, 4, 8, 1, 15]



 Rule :  [4, 4, 4, 4]
[0, 1, 2, 3, 4, 5, 6, 7, 8, 9, 10, 11, 12, 13, 14, 15] 	 [0, 1, 2, 0, 4, 5, 0, 0, 8, 0, 10, 0, 0, 0, 0, 0]
[ 0  1  2  4  5  8 10] 			 [0, 1, 2, 4, 5, 8, 10]



 Rule :  [132, 132, 132, 132]
[0, 1, 2, 3, 4, 5, 6, 7, 8, 9, 10, 11, 12, 13, 14, 15] 	 [0, 1, 2, 0, 4, 5, 0, 2, 8, 0, 10, 1, 0, 8, 4, 15]
[ 0  1  2  4  5  8 10 15] 			 [0, 1, 2, 4, 5, 8, 10, 15]



 Rule :  [8, 8, 8, 8]
[0, 1, 2, 3, 4, 5, 6, 7, 8, 9, 10, 11, 12, 13, 14, 15] 	 [0, 0, 0, 2, 0, 0, 4, 4, 0, 1, 0, 2, 8, 1, 8, 0]
[0 1 2 4 8] 			 [0, 0, 0, 0, 0]
[0] 			 [0]



 Rule :  [136, 136, 136, 136]
[0, 1, 2, 3, 4, 5, 6, 7, 8, 9, 10, 11, 12, 13, 14, 15] 	 [0, 0, 0, 2, 0, 0, 4, 6, 0, 1, 0, 3, 8, 9, 12, 15]
[ 0  1  2  3  4  6  8  9 12 15] 			 [0, 0, 0, 2, 0, 4, 0, 1, 8, 15]
[ 0  1  2  4  8 15] 			 [0, 0, 0, 0, 0, 15]
[ 0 15] 			 [0, 15]



 Rule :  [10, 10, 10, 10]
[0, 1, 2, 3, 4, 5, 6, 7, 8, 9, 10, 11, 12, 13, 14, 15] 	 [0, 2, 4, 6, 8, 0, 12, 4, 1, 3, 0, 2, 9, 1, 8, 0]
[ 0  1  2  3  4  6  8  9 12] 			 [0, 2, 4, 6, 8, 12, 1, 3, 9]



 Rule :  [138, 138, 138, 138]
[0, 1, 2, 3, 4, 5, 6, 7, 8, 9, 10, 11, 12, 13, 14, 15] 	 [0, 2, 4, 6, 8, 0, 12, 6, 1, 3, 0, 3, 9, 9, 12, 15]
[ 0  1  2  3  4  6  8  9 12 15] 			 [0, 2, 4, 6, 8, 12, 1, 3, 9, 15]



 Rule :  [12, 12, 12, 12]
[0, 1, 2, 3, 4, 5, 6, 7, 8, 9, 10, 11, 12, 13, 14, 15] 	 [0, 1, 2, 2, 4, 5, 4, 4, 8, 1, 10, 2, 8, 1, 8, 0]
[ 0  1  2  4  5  8 10] 			 [0, 1, 2, 4, 5, 8, 10]



 Rule :  [140, 140, 140, 140]
[0, 1, 2, 3, 4, 5, 6, 7, 8, 9, 10, 11, 12, 13, 14, 15] 	 [0, 1, 2, 2, 4, 5, 4, 6, 8, 1, 10, 3, 8, 9, 12, 15]
[ 0  1  2  3  4  5  6  8  9 10 12 15] 			 [0, 1, 2, 2, 4, 5, 4, 8, 1, 10, 8, 15]
[ 0  1  2  4  5  8 10 15] 			 [0, 1, 2, 4, 5, 8, 10, 15]



 Rule :  [16, 16, 16, 16]
[0, 1, 2, 3, 4, 5, 6, 7, 8, 9, 10, 11, 12, 13, 14, 15] 	 [0, 8, 1, 8, 2, 0, 1, 0, 4, 4, 0, 0, 2, 0, 0, 0]
[0 1 2 4 8] 			 [0, 8, 1, 2, 4]



 Rule :  [144, 144, 144, 144]
[0, 1, 2, 3, 4, 5, 6, 7, 8, 9, 10, 11, 12, 13, 14, 15] 	 [0, 8, 1, 8, 2, 0, 1, 2, 4, 4, 0, 1, 2, 8, 4, 15]
[ 0  1  2  4  8 15] 			 [0, 8, 1, 2, 4, 15]



 Rule :  [24, 24, 24, 24]
[0, 1, 2, 3, 4, 5, 6, 7, 8, 9, 10, 11, 12, 13, 14, 15] 	 [0, 8, 1, 10, 2, 0, 5, 4, 4, 5, 0, 2, 10, 1, 8, 0]
[ 0  1  2  4  5  8 10] 			 [0, 8, 1, 2, 0, 4, 0]
[0 1 2 4 8] 			 [0, 8, 1, 2, 4]



 Rule :  [152, 152, 152, 152]
[0, 1, 2, 3, 4, 5, 6, 7, 8, 9, 10, 11, 12, 13, 14, 15] 	 [0, 8, 1, 10, 2, 0, 5, 6, 4, 5, 0, 3, 10, 9, 12, 15]
[ 0  1  2  3  4  5  6  8  9 10 12 15] 			 [0, 8, 1, 10, 2, 0, 5, 4, 5, 0, 10, 15]
[ 0  1  2  4  5  8 10 15] 			 [0, 8, 1, 2, 0, 4, 0, 15]
[ 0  1  2  4  8 15] 			 [0, 8, 1, 2, 4, 15]



 Rule :  [32, 32, 32, 32]
[0, 1, 2, 3, 4, 5, 6, 7, 8, 9, 10, 11, 12, 13, 14, 15] 	 [0, 0, 0, 0, 0, 10, 0, 8, 0, 0, 5, 4, 0, 2, 1, 0]
[ 0  1  2  4  5  8 10] 			 [0, 0, 0, 0, 10, 0, 5]
[ 0  5 10] 			 [0, 10, 5]



 Rule :  [160, 160, 160, 160]
[0, 1, 2, 3, 4, 5, 6, 7, 8, 9, 10, 11, 12, 13, 14, 15] 	 [0, 0, 0, 0, 0, 10, 0, 10, 0, 0, 5, 5, 0, 10, 5, 15]
[ 0  5 10 15] 			 [0, 10, 5, 15]



 Rule :  [34, 34, 34, 34]
[0, 1, 2, 3, 4, 5, 6, 7, 8, 9, 10, 11, 12, 13, 14, 15] 	 [0, 2, 4, 4, 8, 10, 8, 8, 1, 2, 5, 4, 1, 2, 1, 0]
[ 0  1  2  4  5  8 10] 			 [0, 2, 4, 8, 10, 1, 5]



 Rule :  [162, 162, 162, 162]
[0, 1, 2, 3, 4, 5, 6, 7, 8, 9, 10, 11, 12, 13, 14, 15] 	 [0, 2, 4, 4, 8, 10, 8, 10, 1, 2, 5, 5, 1, 10, 5, 15]
[ 0  1  2  4  5  8 10 15] 			 [0, 2, 4, 8, 10, 1, 5, 15]



 Rule :  [40, 40, 40, 40]
[0, 1, 2, 3, 4, 5, 6, 7, 8, 9, 10, 11, 12, 13, 14, 15] 	 [0, 0, 0, 2, 0, 10, 4, 12, 0, 1, 5, 6, 8, 3, 9, 0]
[ 0  1  2  3  4  5  6  8  9 10 12] 			 [0, 0, 0, 2, 0, 10, 4, 0, 1, 5, 8]
[ 0  1  2  4  5  8 10] 			 [0, 0, 0, 0, 10, 0, 5]
[ 0  5 10] 			 [0, 10, 5]



 Rule :  [168, 168, 168, 168]
[0, 1, 2, 3, 4, 5, 6, 7, 8, 9, 10, 11, 12, 13, 14, 15] 	 [0, 0, 0, 2, 0, 10, 4, 14, 0, 1, 5, 7, 8, 11, 13, 15]
[ 0  1  2  4  5  7  8 10 11 13 14 15] 			 [0, 0, 0, 0, 10, 14, 0, 5, 7, 11, 13, 15]
[ 0  5  7 10 11 13 14 15] 			 [0, 10, 14, 5, 7, 11, 13, 15]



 Rule :  [42, 42, 42, 42]
[0, 1, 2, 3, 4, 5, 6, 7, 8, 9, 10, 11, 12, 13, 14, 15] 	 [0, 2, 4, 6, 8, 10, 12, 12, 1, 3, 5, 6, 9, 3, 9, 0]
[ 0  1  2  3  4  5  6  8  9 10 12] 			 [0, 2, 4, 6, 8, 10, 12, 1, 3, 5, 9]



 Rule :  [48, 48, 48, 48]
[0, 1, 2, 3, 4, 5, 6, 7, 8, 9, 10, 11, 12, 13, 14, 15] 	 [0, 8, 1, 8, 2, 10, 1, 8, 4, 4, 5, 4, 2, 2, 1, 0]
[ 0  1  2  4  5  8 10] 			 [0, 8, 1, 2, 10, 4, 5]



 Rule :  [176, 176, 176, 176]
[0, 1, 2, 3, 4, 5, 6, 7, 8, 9, 10, 11, 12, 13, 14, 15] 	 [0, 8, 1, 8, 2, 10, 1, 10, 4, 4, 5, 5, 2, 10, 5, 15]
[ 0  1  2  4  5  8 10 15] 			 [0, 8, 1, 2, 10, 4, 5, 15]



 Rule :  [56, 56, 56, 56]
[0, 1, 2, 3, 4, 5, 6, 7, 8, 9, 10, 11, 12, 13, 14, 15] 	 [0, 8, 1, 10, 2, 10, 5, 12, 4, 5, 5, 6, 10, 3, 9, 0]
[ 0  1  2  3  4  5  6  8  9 10 12] 			 [0, 8, 1, 10, 2, 10, 5, 4, 5, 5, 10]
[ 0  1  2  4  5  8 10] 			 [0, 8, 1, 2, 10, 4, 5]



 Rule :  [64, 64, 64, 64]
[0, 1, 2, 3, 4, 5, 6, 7, 8, 9, 10, 11, 12, 13, 14, 15] 	 [0, 0, 0, 1, 0, 0, 2, 1, 0, 8, 0, 8, 4, 4, 2, 0]
[0 1 2 4 8] 			 [0, 0, 0, 0, 0]
[0] 			 [0]



 Rule :  [192, 192, 192, 192]
[0, 1, 2, 3, 4, 5, 6, 7, 8, 9, 10, 11, 12, 13, 14, 15] 	 [0, 0, 0, 1, 0, 0, 2, 3, 0, 8, 0, 9, 4, 12, 6, 15]
[ 0  1  2  3  4  6  8  9 12 15] 			 [0, 0, 0, 1, 0, 2, 0, 8, 4, 15]
[ 0  1  2  4  8 15] 			 [0, 0, 0, 0, 0, 15]
[ 0 15] 			 [0, 15]



 Rule :  [66, 66, 66, 66]
[0, 1, 2, 3, 4, 5, 6, 7, 8, 9, 10, 11, 12, 13, 14, 15] 	 [0, 2, 4, 5, 8, 0, 10, 1, 1, 10, 0, 8, 5, 4, 2, 0]
[ 0  1  2  4  5  8 10] 			 [0, 2, 4, 8, 0, 1, 0]
[0 1 2 4 8] 			 [0, 2, 4, 8, 1]



 Rule :  [194, 194, 194, 194]
[0, 1, 2, 3, 4, 5, 6, 7, 8, 9, 10, 11, 12, 13, 14, 15] 	 [0, 2, 4, 5, 8, 0, 10, 3, 1, 10, 0, 9, 5, 12, 6, 15]
[ 0  1  2  3  4  5  6  8  9 10 12 15] 			 [0, 2, 4, 5, 8, 0, 10, 1, 10, 0, 5, 15]
[ 0  1  2  4  5  8 10 15] 			 [0, 2, 4, 8, 0, 1, 0, 15]
[ 0  1  2  4  8 15] 			 [0, 2, 4, 8, 1, 15]



 Rule :  [68, 68, 68, 68]
[0, 1, 2, 3, 4, 5, 6, 7, 8, 9, 10, 11, 12, 13, 14, 15] 	 [0, 1, 2, 1, 4, 5, 2, 1, 8, 8, 10, 8, 4, 4, 2, 0]
[ 0  1  2  4  5  8 10] 			 [0, 1, 2, 4, 5, 8, 10]



 Rule :  [196, 196, 196, 196]
[0, 1, 2, 3, 4, 5, 6, 7, 8, 9, 10, 11, 12, 13, 14, 15] 	 [0, 1, 2, 1, 4, 5, 2, 3, 8, 8, 10, 9, 4, 12, 6, 15]
[ 0  1  2  3  4  5  6  8  9 10 12 15] 			 [0, 1, 2, 1, 4, 5, 2, 8, 8, 10, 4, 15]
[ 0  1  2  4  5  8 10 15] 			 [0, 1, 2, 4, 5, 8, 10, 15]



 Rule :  [72, 72, 72, 72]
[0, 1, 2, 3, 4, 5, 6, 7, 8, 9, 10, 11, 12, 13, 14, 15] 	 [0, 0, 0, 3, 0, 0, 6, 5, 0, 9, 0, 10, 12, 5, 10, 0]
[ 0  3  5  6  9 10 12] 			 [0, 3, 0, 6, 9, 0, 12]
[ 0  3  6  9 12] 			 [0, 3, 6, 9, 12]



 Rule :  [200, 200, 200, 200]
[0, 1, 2, 3, 4, 5, 6, 7, 8, 9, 10, 11, 12, 13, 14, 15] 	 [0, 0, 0, 3, 0, 0, 6, 7, 0, 9, 0, 11, 12, 13, 14, 15]
[ 0  3  6  7  9 11 12 13 14 15] 			 [0, 3, 6, 7, 9, 11, 12, 13, 14, 15]



 Rule :  [76, 76, 76, 76]
[0, 1, 2, 3, 4, 5, 6, 7, 8, 9, 10, 11, 12, 13, 14, 15] 	 [0, 1, 2, 3, 4, 5, 6, 5, 8, 9, 10, 10, 12, 5, 10, 0]
[ 0  1  2  3  4  5  6  8  9 10 12] 			 [0, 1, 2, 3, 4, 5, 6, 8, 9, 10, 12]



 Rule :  [80, 80, 80, 80]
[0, 1, 2, 3, 4, 5, 6, 7, 8, 9, 10, 11, 12, 13, 14, 15] 	 [0, 8, 1, 9, 2, 0, 3, 1, 4, 12, 0, 8, 6, 4, 2, 0]
[ 0  1  2  3  4  6  8  9 12] 			 [0, 8, 1, 9, 2, 3, 4, 12, 6]



 Rule :  [208, 208, 208, 208]
[0, 1, 2, 3, 4, 5, 6, 7, 8, 9, 10, 11, 12, 13, 14, 15] 	 [0, 8, 1, 9, 2, 0, 3, 3, 4, 12, 0, 9, 6, 12, 6, 15]
[ 0  1  2  3  4  6  8  9 12 15] 			 [0, 8, 1, 9, 2, 3, 4, 12, 6, 15]



 Rule :  [96, 96, 96, 96]
[0, 1, 2, 3, 4, 5, 6, 7, 8, 9, 10, 11, 12, 13, 14, 15] 	 [0, 0, 0, 1, 0, 10, 2, 9, 0, 8, 5, 12, 4, 6, 3, 0]
[ 0  1  2  3  4  5  6  8  9 10 12] 			 [0, 0, 0, 1, 0, 10, 2, 0, 8, 5, 4]
[ 0  1  2  4  5  8 10] 			 [0, 0, 0, 0, 10, 0, 5]
[ 0  5 10] 			 [0, 10, 5]



 Rule :  [224, 224, 224, 224]
[0, 1, 2, 3, 4, 5, 6, 7, 8, 9, 10, 11, 12, 13, 14, 15] 	 [0, 0, 0, 1, 0, 10, 2, 11, 0, 8, 5, 13, 4, 14, 7, 15]
[ 0  1  2  4  5  7  8 10 11 13 14 15] 			 [0, 0, 0, 0, 10, 11, 0, 5, 13, 14, 7, 15]
[ 0  5  7 10 11 13 14 15] 			 [0, 10, 11, 5, 13, 14, 7, 15]



 Rule :  [98, 98, 98, 98]
[0, 1, 2, 3, 4, 5, 6, 7, 8, 9, 10, 11, 12, 13, 14, 15] 	 [0, 2, 4, 5, 8, 10, 10, 9, 1, 10, 5, 12, 5, 6, 3, 0]
[ 0  1  2  3  4  5  6  8  9 10 12] 			 [0, 2, 4, 5, 8, 10, 10, 1, 10, 5, 5]
[ 0  1  2  4  5  8 10] 			 [0, 2, 4, 8, 10, 1, 5]



 Rule :  [112, 112, 112, 112]
[0, 1, 2, 3, 4, 5, 6, 7, 8, 9, 10, 11, 12, 13, 14, 15] 	 [0, 8, 1, 9, 2, 10, 3, 9, 4, 12, 5, 12, 6, 6, 3, 0]
[ 0  1  2  3  4  5  6  8  9 10 12] 			 [0, 8, 1, 9, 2, 10, 3, 4, 12, 5, 6]


