 Rule :  [171, 171, 171, 171]
[0, 1, 2, 3, 4, 5, 6, 7, 8, 9, 10, 11, 12, 13, 14, 15] 	 [15, 6, 12, 6, 9, 10, 12, 14, 3, 3, 5, 7, 9, 11, 13, 15]
[ 3  5  6  7  9 10 11 12 13 14 15] 			 [6, 10, 12, 14, 3, 5, 7, 9, 11, 13, 15]



 Rule :  [174, 174, 174, 174]
[0, 1, 2, 3, 4, 5, 6, 7, 8, 9, 10, 11, 12, 13, 14, 15] 	 [0, 3, 6, 6, 12, 15, 12, 14, 9, 3, 15, 7, 9, 11, 13, 15]
[ 0  3  6  7  9 11 12 13 14 15] 			 [0, 6, 12, 14, 3, 7, 9, 11, 13, 15]



 Rule :  [175, 175, 175, 175]
[0, 1, 2, 3, 4, 5, 6, 7, 8, 9, 10, 11, 12, 13, 14, 15] 	 [15, 7, 14, 6, 13, 15, 12, 14, 11, 3, 15, 7, 9, 11, 13, 15]
[ 3  6  7  9 11 12 13 14 15] 			 [6, 12, 14, 3, 7, 9, 11, 13, 15]



 Rule :  [185, 185, 185, 185]
[0, 1, 2, 3, 4, 5, 6, 7, 8, 9, 10, 11, 12, 13, 14, 15] 	 [15, 12, 9, 10, 3, 10, 5, 14, 6, 5, 5, 7, 10, 11, 13, 15]
[ 3  5  6  7  9 10 11 12 13 14 15] 			 [10, 10, 5, 14, 5, 5, 7, 10, 11, 13, 15]
[ 5  7 10 11 13 14 15] 			 [10, 14, 5, 7, 11, 13, 15]



 Rule :  [186, 186, 186, 186]
[0, 1, 2, 3, 4, 5, 6, 7, 8, 9, 10, 11, 12, 13, 14, 15] 	 [0, 10, 5, 14, 10, 10, 13, 14, 5, 7, 5, 7, 11, 11, 13, 15]
[ 0  5  7 10 11 13 14 15] 			 [0, 10, 14, 5, 7, 11, 13, 15]



 Rule :  [187, 187, 187, 187]
[0, 1, 2, 3, 4, 5, 6, 7, 8, 9, 10, 11, 12, 13, 14, 15] 	 [15, 14, 13, 14, 11, 10, 13, 14, 7, 7, 5, 7, 11, 11, 13, 15]
[ 5  7 10 11 13 14 15] 			 [10, 14, 5, 7, 11, 13, 15]



 Rule :  [188, 188, 188, 188]
[0, 1, 2, 3, 4, 5, 6, 7, 8, 9, 10, 11, 12, 13, 14, 15] 	 [0, 9, 3, 10, 6, 15, 5, 14, 12, 5, 15, 7, 10, 11, 13, 15]
[ 0  3  5  6  7  9 10 11 12 13 14 15] 			 [0, 10, 15, 5, 14, 5, 15, 7, 10, 11, 13, 15]
[ 0  5  7 10 11 13 14 15] 			 [0, 15, 14, 15, 7, 11, 13, 15]
[ 0  7 11 13 14 15] 			 [0, 14, 7, 11, 13, 15]



 Rule :  [189, 189, 189, 189]
[0, 1, 2, 3, 4, 5, 6, 7, 8, 9, 10, 11, 12, 13, 14, 15] 	 [15, 13, 11, 10, 7, 15, 5, 14, 14, 5, 15, 7, 10, 11, 13, 15]
[ 5  7 10 11 13 14 15] 			 [15, 14, 15, 7, 11, 13, 15]
[ 7 11 13 14 15] 			 [14, 7, 11, 13, 15]



 Rule :  [190, 190, 190, 190]
[0, 1, 2, 3, 4, 5, 6, 7, 8, 9, 10, 11, 12, 13, 14, 15] 	 [0, 11, 7, 14, 14, 15, 13, 14, 13, 7, 15, 7, 11, 11, 13, 15]
[ 0  7 11 13 14 15] 			 [0, 14, 7, 11, 13, 15]



 Rule :  [191, 191, 191, 191]
[0, 1, 2, 3, 4, 5, 6, 7, 8, 9, 10, 11, 12, 13, 14, 15] 	 [15, 15, 15, 14, 15, 15, 13, 14, 15, 7, 15, 7, 11, 11, 13, 15]
[ 7 11 13 14 15] 			 [14, 7, 11, 13, 15]



 Rule :  [205, 205, 205, 205]
[0, 1, 2, 3, 4, 5, 6, 7, 8, 9, 10, 11, 12, 13, 14, 15] 	 [15, 5, 10, 3, 5, 5, 6, 7, 10, 9, 10, 11, 12, 13, 14, 15]
[ 3  5  6  7  9 10 11 12 13 14 15] 			 [3, 5, 6, 7, 9, 10, 11, 12, 13, 14, 15]



 Rule :  [206, 206, 206, 206]
[0, 1, 2, 3, 4, 5, 6, 7, 8, 9, 10, 11, 12, 13, 14, 15] 	 [0, 3, 6, 7, 12, 5, 14, 7, 9, 11, 10, 11, 13, 13, 14, 15]
[ 0  3  5  6  7  9 10 11 12 13 14 15] 			 [0, 7, 5, 14, 7, 11, 10, 11, 13, 13, 14, 15]
[ 0  5  7 10 11 13 14 15] 			 [0, 5, 7, 10, 11, 13, 14, 15]



 Rule :  [207, 207, 207, 207]
[0, 1, 2, 3, 4, 5, 6, 7, 8, 9, 10, 11, 12, 13, 14, 15] 	 [15, 7, 14, 7, 13, 5, 14, 7, 11, 11, 10, 11, 13, 13, 14, 15]
[ 5  7 10 11 13 14 15] 			 [5, 7, 10, 11, 13, 14, 15]



 Rule :  [220, 220, 220, 220]
[0, 1, 2, 3, 4, 5, 6, 7, 8, 9, 10, 11, 12, 13, 14, 15] 	 [0, 9, 3, 11, 6, 5, 7, 7, 12, 13, 10, 11, 14, 13, 14, 15]
[ 0  3  5  6  7  9 10 11 12 13 14 15] 			 [0, 11, 5, 7, 7, 13, 10, 11, 14, 13, 14, 15]
[ 0  5  7 10 11 13 14 15] 			 [0, 5, 7, 10, 11, 13, 14, 15]



 Rule :  [221, 221, 221, 221]
[0, 1, 2, 3, 4, 5, 6, 7, 8, 9, 10, 11, 12, 13, 14, 15] 	 [15, 13, 11, 11, 7, 5, 7, 7, 14, 13, 10, 11, 14, 13, 14, 15]
[ 5  7 10 11 13 14 15] 			 [5, 7, 10, 11, 13, 14, 15]



 Rule :  [222, 222, 222, 222]
[0, 1, 2, 3, 4, 5, 6, 7, 8, 9, 10, 11, 12, 13, 14, 15] 	 [0, 11, 7, 15, 14, 5, 15, 7, 13, 15, 10, 11, 15, 13, 14, 15]
[ 0  5  7 10 11 13 14 15] 			 [0, 5, 7, 10, 11, 13, 14, 15]



 Rule :  [223, 223, 223, 223]
[0, 1, 2, 3, 4, 5, 6, 7, 8, 9, 10, 11, 12, 13, 14, 15] 	 [15, 15, 15, 15, 15, 5, 15, 7, 15, 15, 10, 11, 15, 13, 14, 15]
[ 5  7 10 11 13 14 15] 			 [5, 7, 10, 11, 13, 14, 15]



 Rule :  [227, 227, 227, 227]
[0, 1, 2, 3, 4, 5, 6, 7, 8, 9, 10, 11, 12, 13, 14, 15] 	 [15, 6, 12, 5, 9, 10, 10, 11, 3, 10, 5, 13, 5, 14, 7, 15]
[ 3  5  6  7  9 10 11 12 13 14 15] 			 [5, 10, 10, 11, 10, 5, 13, 5, 14, 7, 15]
[ 5  7 10 11 13 14 15] 			 [10, 11, 5, 13, 14, 7, 15]



 Rule :  [230, 230, 230, 230]
[0, 1, 2, 3, 4, 5, 6, 7, 8, 9, 10, 11, 12, 13, 14, 15] 	 [0, 3, 6, 5, 12, 15, 10, 11, 9, 10, 15, 13, 5, 14, 7, 15]
[ 0  3  5  6  7  9 10 11 12 13 14 15] 			 [0, 5, 15, 10, 11, 10, 15, 13, 5, 14, 7, 15]
[ 0  5  7 10 11 13 14 15] 			 [0, 15, 11, 15, 13, 14, 7, 15]
[ 0  7 11 13 14 15] 			 [0, 11, 13, 14, 7, 15]



 Rule :  [231, 231, 231, 231]
[0, 1, 2, 3, 4, 5, 6, 7, 8, 9, 10, 11, 12, 13, 14, 15] 	 [15, 7, 14, 5, 13, 15, 10, 11, 11, 10, 15, 13, 5, 14, 7, 15]
[ 5  7 10 11 13 14 15] 			 [15, 11, 15, 13, 14, 7, 15]
[ 7 11 13 14 15] 			 [11, 13, 14, 7, 15]



 Rule :  [234, 234, 234, 234]
[0, 1, 2, 3, 4, 5, 6, 7, 8, 9, 10, 11, 12, 13, 14, 15] 	 [0, 2, 4, 7, 8, 10, 14, 15, 1, 11, 5, 15, 13, 15, 15, 15]
[ 0  1  2  4  5  7  8 10 11 13 14 15] 			 [0, 2, 4, 8, 10, 15, 1, 5, 15, 15, 15, 15]
[ 0  1  2  4  5  8 10 15] 			 [0, 2, 4, 8, 10, 1, 5, 15]



 Rule :  [235, 235, 235, 235]
[0, 1, 2, 3, 4, 5, 6, 7, 8, 9, 10, 11, 12, 13, 14, 15] 	 [15, 6, 12, 7, 9, 10, 14, 15, 3, 11, 5, 15, 13, 15, 15, 15]
[ 3  5  6  7  9 10 11 12 13 14 15] 			 [7, 10, 14, 15, 11, 5, 15, 13, 15, 15, 15]
[ 5  7 10 11 13 14 15] 			 [10, 15, 5, 15, 15, 15, 15]
[ 5 10 15] 			 [10, 5, 15]



 Rule :  [236, 236, 236, 236]
[0, 1, 2, 3, 4, 5, 6, 7, 8, 9, 10, 11, 12, 13, 14, 15] 	 [0, 1, 2, 3, 4, 15, 6, 15, 8, 9, 15, 15, 12, 15, 15, 15]
[ 0  1  2  3  4  6  8  9 12 15] 			 [0, 1, 2, 3, 4, 6, 8, 9, 12, 15]



 Rule :  [237, 237, 237, 237]
[0, 1, 2, 3, 4, 5, 6, 7, 8, 9, 10, 11, 12, 13, 14, 15] 	 [15, 5, 10, 3, 5, 15, 6, 15, 10, 9, 15, 15, 12, 15, 15, 15]
[ 3  5  6  9 10 12 15] 			 [3, 15, 6, 9, 15, 12, 15]
[ 3  6  9 12 15] 			 [3, 6, 9, 12, 15]



 Rule :  [238, 238, 238, 238]
[0, 1, 2, 3, 4, 5, 6, 7, 8, 9, 10, 11, 12, 13, 14, 15] 	 [0, 3, 6, 7, 12, 15, 14, 15, 9, 11, 15, 15, 13, 15, 15, 15]
[ 0  3  6  7  9 11 12 13 14 15] 			 [0, 7, 14, 15, 11, 15, 13, 15, 15, 15]
[ 0  7 11 13 14 15] 			 [0, 15, 15, 15, 15, 15]
[ 0 15] 			 [0, 15]



 Rule :  [239, 239, 239, 239]
[0, 1, 2, 3, 4, 5, 6, 7, 8, 9, 10, 11, 12, 13, 14, 15] 	 [15, 7, 14, 7, 13, 15, 14, 15, 11, 11, 15, 15, 13, 15, 15, 15]
[ 7 11 13 14 15] 			 [15, 15, 15, 15, 15]
[15] 			 [15]



 Rule :  [241, 241, 241, 241]
[0, 1, 2, 3, 4, 5, 6, 7, 8, 9, 10, 11, 12, 13, 14, 15] 	 [15, 12, 9, 9, 3, 10, 3, 11, 6, 12, 5, 13, 6, 14, 7, 15]
[ 3  5  6  7  9 10 11 12 13 14 15] 			 [9, 10, 3, 11, 12, 5, 13, 6, 14, 7, 15]



 Rule :  [242, 242, 242, 242]
[0, 1, 2, 3, 4, 5, 6, 7, 8, 9, 10, 11, 12, 13, 14, 15] 	 [0, 10, 5, 13, 10, 10, 11, 11, 5, 14, 5, 13, 7, 14, 7, 15]
[ 0  5  7 10 11 13 14 15] 			 [0, 10, 11, 5, 13, 14, 7, 15]



 Rule :  [243, 243, 243, 243]
[0, 1, 2, 3, 4, 5, 6, 7, 8, 9, 10, 11, 12, 13, 14, 15] 	 [15, 14, 13, 13, 11, 10, 11, 11, 7, 14, 5, 13, 7, 14, 7, 15]
[ 5  7 10 11 13 14 15] 			 [10, 11, 5, 13, 14, 7, 15]



 Rule :  [244, 244, 244, 244]
[0, 1, 2, 3, 4, 5, 6, 7, 8, 9, 10, 11, 12, 13, 14, 15] 	 [0, 9, 3, 9, 6, 15, 3, 11, 12, 12, 15, 13, 6, 14, 7, 15]
[ 0  3  6  7  9 11 12 13 14 15] 			 [0, 9, 3, 11, 12, 13, 6, 14, 7, 15]



 Rule :  [245, 245, 245, 245]
[0, 1, 2, 3, 4, 5, 6, 7, 8, 9, 10, 11, 12, 13, 14, 15] 	 [15, 13, 11, 9, 7, 15, 3, 11, 14, 12, 15, 13, 6, 14, 7, 15]
[ 3  6  7  9 11 12 13 14 15] 			 [9, 3, 11, 12, 13, 6, 14, 7, 15]



 Rule :  [246, 246, 246, 246]
[0, 1, 2, 3, 4, 5, 6, 7, 8, 9, 10, 11, 12, 13, 14, 15] 	 [0, 11, 7, 13, 14, 15, 11, 11, 13, 14, 15, 13, 7, 14, 7, 15]
[ 0  7 11 13 14 15] 			 [0, 11, 13, 14, 7, 15]



 Rule :  [247, 247, 247, 247]
[0, 1, 2, 3, 4, 5, 6, 7, 8, 9, 10, 11, 12, 13, 14, 15] 	 [15, 15, 15, 13, 15, 15, 11, 11, 15, 14, 15, 13, 7, 14, 7, 15]
[ 7 11 13 14 15] 			 [11, 13, 14, 7, 15]



 Rule :  [248, 248, 248, 248]
[0, 1, 2, 3, 4, 5, 6, 7, 8, 9, 10, 11, 12, 13, 14, 15] 	 [0, 8, 1, 11, 2, 10, 7, 15, 4, 13, 5, 15, 14, 15, 15, 15]
[ 0  1  2  4  5  7  8 10 11 13 14 15] 			 [0, 8, 1, 2, 10, 15, 4, 5, 15, 15, 15, 15]
[ 0  1  2  4  5  8 10 15] 			 [0, 8, 1, 2, 10, 4, 5, 15]



 Rule :  [249, 249, 249, 249]
[0, 1, 2, 3, 4, 5, 6, 7, 8, 9, 10, 11, 12, 13, 14, 15] 	 [15, 12, 9, 11, 3, 10, 7, 15, 6, 13, 5, 15, 14, 15, 15, 15]
[ 3  5  6  7  9 10 11 12 13 14 15] 			 [11, 10, 7, 15, 13, 5, 15, 14, 15, 15, 15]
[ 5  7 10 11 13 14 15] 			 [10, 15, 5, 15, 15, 15, 15]
[ 5 10 15] 			 [10, 5, 15]



 Rule :  [250, 250, 250, 250]
[0, 1, 2, 3, 4, 5, 6, 7, 8, 9, 10, 11, 12, 13, 14, 15] 	 [0, 10, 5, 15, 10, 10, 15, 15, 5, 15, 5, 15, 15, 15, 15, 15]
[ 0  5 10 15] 			 [0, 10, 5, 15]



 Rule :  [251, 251, 251, 251]
[0, 1, 2, 3, 4, 5, 6, 7, 8, 9, 10, 11, 12, 13, 14, 15] 	 [15, 14, 13, 15, 11, 10, 15, 15, 7, 15, 5, 15, 15, 15, 15, 15]
[ 5  7 10 11 13 14 15] 			 [10, 15, 5, 15, 15, 15, 15]
[ 5 10 15] 			 [10, 5, 15]



 Rule :  [252, 252, 252, 252]
[0, 1, 2, 3, 4, 5, 6, 7, 8, 9, 10, 11, 12, 13, 14, 15] 	 [0, 9, 3, 11, 6, 15, 7, 15, 12, 13, 15, 15, 14, 15, 15, 15]
[ 0  3  6  7  9 11 12 13 14 15] 			 [0, 11, 7, 15, 13, 15, 14, 15, 15, 15]
[ 0  7 11 13 14 15] 			 [0, 15, 15, 15, 15, 15]
[ 0 15] 			 [0, 15]



 Rule :  [253, 253, 253, 253]
[0, 1, 2, 3, 4, 5, 6, 7, 8, 9, 10, 11, 12, 13, 14, 15] 	 [15, 13, 11, 11, 7, 15, 7, 15, 14, 13, 15, 15, 14, 15, 15, 15]
[ 7 11 13 14 15] 			 [15, 15, 15, 15, 15]
[15] 			 [15]



 Rule :  [254, 254, 254, 254]
[0, 1, 2, 3, 4, 5, 6, 7, 8, 9, 10, 11, 12, 13, 14, 15] 	 [0, 11, 7, 15, 14, 15, 15, 15, 13, 15, 15, 15, 15, 15, 15, 15]
[ 0  7 11 13 14 15] 			 [0, 15, 15, 15, 15, 15]
[ 0 15] 			 [0, 15]



 Rule :  [255, 255, 255, 255]
[0, 1, 2, 3, 4, 5, 6, 7, 8, 9, 10, 11, 12, 13, 14, 15] 	 [15, 15, 15, 15, 15, 15, 15, 15, 15, 15, 15, 15, 15, 15, 15, 15]
[15] 			 [15]