
For  6  bit Uniform Rule vector 

Rule : 0 	Percentage : 9.375 %	 [1, 2, 4, 8, 16, 32]
Rule : 1 	Percentage : 9.375 %	 [5, 10, 17, 20, 34, 40]
Rule : 2 	Percentage : 18.75 %	 [3, 5, 6, 10, 12, 17, 20, 24, 33, 34, 40, 48]
Rule : 3 	Percentage : 9.375 %	 [7, 14, 28, 35, 49, 56]
Rule : 4 	Percentage : 0.0 %	 []
Rule : 5 	Percentage : 0.0 %	 []
Rule : 6 	Percentage : 28.125 %	 [3, 6, 11, 12, 13, 19, 22, 24, 25, 26, 33, 37, 38, 41, 44, 48, 50, 52]
Rule : 7 	Percentage : 28.125 %	 [7, 11, 13, 14, 19, 22, 25, 26, 28, 35, 37, 38, 41, 44, 49, 50, 52, 56]
Rule : 8 	Percentage : 18.75 %	 [1, 2, 3, 4, 6, 8, 12, 16, 24, 32, 33, 48]
Rule : 9 	Percentage : 18.75 %	 [5, 7, 10, 14, 17, 20, 28, 34, 35, 40, 49, 56]
Rule : 10 	Percentage : 37.5 %	 [5, 7, 10, 11, 13, 14, 17, 19, 20, 22, 25, 26, 28, 34, 35, 37, 38, 40, 41, 44, 49, 50, 52, 56]
Rule : 11 	Percentage : 18.75 %	 [11, 13, 19, 22, 25, 26, 37, 38, 41, 44, 50, 52]
Rule : 12 	Percentage : 28.125 %	 [3, 6, 11, 12, 13, 19, 22, 24, 25, 26, 33, 37, 38, 41, 44, 48, 50, 52]
Rule : 13 	Percentage : 28.125 %	 [7, 11, 13, 14, 19, 22, 25, 26, 28, 35, 37, 38, 41, 44, 49, 50, 52, 56]
Rule : 14 	Percentage : 9.375 %	 [7, 14, 28, 35, 49, 56]
Rule : 15 	Percentage : 0.0 %	 []
Rule : 16 	Percentage : 18.75 %	 [3, 5, 6, 10, 12, 17, 20, 24, 33, 34, 40, 48]
Rule : 17 	Percentage : 9.375 %	 [7, 14, 28, 35, 49, 56]
Rule : 18 	Percentage : 28.125 %	 [7, 11, 13, 14, 19, 22, 25, 26, 28, 35, 37, 38, 41, 44, 49, 50, 52, 56]
Rule : 19 	Percentage : 18.75 %	 [11, 13, 19, 22, 25, 26, 37, 38, 41, 44, 50, 52]
Rule : 20 	Percentage : 28.125 %	 [3, 6, 11, 12, 13, 19, 22, 24, 25, 26, 33, 37, 38, 41, 44, 48, 50, 52]
Rule : 21 	Percentage : 28.125 %	 [7, 11, 13, 14, 19, 22, 25, 26, 28, 35, 37, 38, 41, 44, 49, 50, 52, 56]
Rule : 22 	Percentage : 9.375 %	 [7, 14, 28, 35, 49, 56]
Rule : 23 	Percentage : 0.0 %	 []
Rule : 24 	Percentage : 37.5 %	 [5, 7, 10, 11, 13, 14, 17, 19, 20, 22, 25, 26, 28, 34, 35, 37, 38, 40, 41, 44, 49, 50, 52, 56]
Rule : 25 	Percentage : 18.75 %	 [11, 13, 19, 22, 25, 26, 37, 38, 41, 44, 50, 52]
Rule : 26 	Percentage : 9.375 %	 [15, 30, 39, 51, 57, 60]
Rule : 27 	Percentage : 9.375 %	 [15, 30, 39, 51, 57, 60]
Rule : 28 	Percentage : 9.375 %	 [7, 14, 28, 35, 49, 56]
Rule : 29 	Percentage : 0.0 %	 []
Rule : 30 	Percentage : 9.375 %	 [15, 30, 39, 51, 57, 60]
Rule : 31 	Percentage : 9.375 %	 [15, 30, 39, 51, 57, 60]
Rule : 32 	Percentage : 18.75 %	 [1, 2, 4, 5, 8, 10, 16, 17, 20, 32, 34, 40]
Rule : 33 	Percentage : 0.0 %	 []
Rule : 34 	Percentage : 28.125 %	 [3, 6, 11, 12, 13, 19, 22, 24, 25, 26, 33, 37, 38, 41, 44, 48, 50, 52]
Rule : 35 	Percentage : 28.125 %	 [7, 11, 13, 14, 19, 22, 25, 26, 28, 35, 37, 38, 41, 44, 49, 50, 52, 56]
Rule : 36 	Percentage : 28.125 %	 [11, 13, 19, 22, 23, 25, 26, 29, 37, 38, 41, 43, 44, 46, 50, 52, 53, 58]
Rule : 37 	Percentage : 28.125 %	 [11, 13, 19, 22, 23, 25, 26, 29, 37, 38, 41, 43, 44, 46, 50, 52, 53, 58]
Rule : 38 	Percentage : 18.75 %	 [3, 6, 12, 23, 24, 29, 33, 43, 46, 48, 53, 58]
Rule : 39 	Percentage : 18.75 %	 [7, 14, 23, 28, 29, 35, 43, 46, 49, 53, 56, 58]
Rule : 40 	Percentage : 56.25 %	 [1, 2, 3, 4, 5, 6, 8, 10, 11, 12, 13, 16, 17, 19, 20, 22, 23, 24, 25, 26, 29, 32, 33, 34, 37, 38, 40, 41, 43, 44, 46, 48, 50, 52, 53, 58]
Rule : 41 	Percentage : 37.5 %	 [7, 11, 13, 14, 19, 22, 23, 25, 26, 28, 29, 35, 37, 38, 41, 43, 44, 46, 49, 50, 52, 53, 56, 58]
Rule : 42 	Percentage : 18.75 %	 [7, 14, 23, 28, 29, 35, 43, 46, 49, 53, 56, 58]
Rule : 43 	Percentage : 9.375 %	 [23, 29, 43, 46, 53, 58]
Rule : 44 	Percentage : 9.375 %	 [3, 6, 12, 24, 33, 48]
Rule : 45 	Percentage : 9.375 %	 [7, 14, 28, 35, 49, 56]
Rule : 46 	Percentage : 9.375 %	 [7, 14, 28, 35, 49, 56]
Rule : 47 	Percentage : 0.0 %	 []
Rule : 48 	Percentage : 28.125 %	 [3, 6, 11, 12, 13, 19, 22, 24, 25, 26, 33, 37, 38, 41, 44, 48, 50, 52]
Rule : 49 	Percentage : 28.125 %	 [7, 11, 13, 14, 19, 22, 25, 26, 28, 35, 37, 38, 41, 44, 49, 50, 52, 56]
Rule : 50 	Percentage : 9.375 %	 [7, 14, 28, 35, 49, 56]
Rule : 51 	Percentage : 0.0 %	 []
Rule : 52 	Percentage : 18.75 %	 [3, 6, 12, 23, 24, 29, 33, 43, 46, 48, 53, 58]
Rule : 53 	Percentage : 18.75 %	 [7, 14, 23, 28, 29, 35, 43, 46, 49, 53, 56, 58]
Rule : 54 	Percentage : 18.75 %	 [7, 14, 23, 28, 29, 35, 43, 46, 49, 53, 56, 58]
Rule : 55 	Percentage : 9.375 %	 [23, 29, 43, 46, 53, 58]
Rule : 56 	Percentage : 18.75 %	 [7, 14, 23, 28, 29, 35, 43, 46, 49, 53, 56, 58]
Rule : 57 	Percentage : 9.375 %	 [23, 29, 43, 46, 53, 58]
Rule : 58 	Percentage : 18.75 %	 [15, 23, 29, 30, 39, 43, 46, 51, 53, 57, 58, 60]
Rule : 59 	Percentage : 18.75 %	 [15, 23, 29, 30, 39, 43, 46, 51, 53, 57, 58, 60]
Rule : 60 	Percentage : 9.375 %	 [7, 14, 28, 35, 49, 56]
Rule : 61 	Percentage : 0.0 %	 []
Rule : 62 	Percentage : 9.375 %	 [15, 30, 39, 51, 57, 60]
Rule : 63 	Percentage : 9.375 %	 [15, 30, 39, 51, 57, 60]
Rule : 64 	Percentage : 18.75 %	 [1, 2, 3, 4, 6, 8, 12, 16, 24, 32, 33, 48]
Rule : 65 	Percentage : 18.75 %	 [5, 7, 10, 14, 17, 20, 28, 34, 35, 40, 49, 56]
Rule : 66 	Percentage : 37.5 %	 [5, 7, 10, 11, 13, 14, 17, 19, 20, 22, 25, 26, 28, 34, 35, 37, 38, 40, 41, 44, 49, 50, 52, 56]
Rule : 67 	Percentage : 18.75 %	 [11, 13, 19, 22, 25, 26, 37, 38, 41, 44, 50, 52]
Rule : 68 	Percentage : 28.125 %	 [3, 6, 11, 12, 13, 19, 22, 24, 25, 26, 33, 37, 38, 41, 44, 48, 50, 52]
Rule : 69 	Percentage : 28.125 %	 [7, 11, 13, 14, 19, 22, 25, 26, 28, 35, 37, 38, 41, 44, 49, 50, 52, 56]
Rule : 70 	Percentage : 9.375 %	 [7, 14, 28, 35, 49, 56]
Rule : 71 	Percentage : 0.0 %	 []
Rule : 72 	Percentage : 37.5 %	 [1, 2, 4, 7, 8, 11, 13, 14, 16, 19, 22, 25, 26, 28, 32, 35, 37, 38, 41, 44, 49, 50, 52, 56]
Rule : 73 	Percentage : 28.125 %	 [5, 10, 11, 13, 17, 19, 20, 22, 25, 26, 34, 37, 38, 40, 41, 44, 50, 52]
Rule : 74 	Percentage : 18.75 %	 [5, 10, 15, 17, 20, 30, 34, 39, 40, 51, 57, 60]
Rule : 75 	Percentage : 9.375 %	 [15, 30, 39, 51, 57, 60]
Rule : 76 	Percentage : 18.75 %	 [7, 14, 23, 28, 29, 35, 43, 46, 49, 53, 56, 58]
Rule : 77 	Percentage : 9.375 %	 [23, 29, 43, 46, 53, 58]
Rule : 78 	Percentage : 18.75 %	 [15, 23, 29, 30, 39, 43, 46, 51, 53, 57, 58, 60]
Rule : 79 	Percentage : 18.75 %	 [15, 23, 29, 30, 39, 43, 46, 51, 53, 57, 58, 60]
Rule : 80 	Percentage : 37.5 %	 [5, 7, 10, 11, 13, 14, 17, 19, 20, 22, 25, 26, 28, 34, 35, 37, 38, 40, 41, 44, 49, 50, 52, 56]
Rule : 81 	Percentage : 18.75 %	 [11, 13, 19, 22, 25, 26, 37, 38, 41, 44, 50, 52]
Rule : 82 	Percentage : 9.375 %	 [15, 30, 39, 51, 57, 60]
Rule : 83 	Percentage : 9.375 %	 [15, 30, 39, 51, 57, 60]
Rule : 84 	Percentage : 9.375 %	 [7, 14, 28, 35, 49, 56]
Rule : 85 	Percentage : 0.0 %	 []
Rule : 86 	Percentage : 9.375 %	 [15, 30, 39, 51, 57, 60]
Rule : 87 	Percentage : 9.375 %	 [15, 30, 39, 51, 57, 60]
Rule : 88 	Percentage : 18.75 %	 [5, 10, 15, 17, 20, 30, 34, 39, 40, 51, 57, 60]
Rule : 89 	Percentage : 9.375 %	 [15, 30, 39, 51, 57, 60]
Rule : 90 	Percentage : 0.0 %	 []
Rule : 91 	Percentage : 0.0 %	 []
Rule : 92 	Percentage : 18.75 %	 [15, 23, 29, 30, 39, 43, 46, 51, 53, 57, 58, 60]
Rule : 93 	Percentage : 18.75 %	 [15, 23, 29, 30, 39, 43, 46, 51, 53, 57, 58, 60]
Rule : 94 	Percentage : 9.375 %	 [23, 29, 43, 46, 53, 58]
Rule : 95 	Percentage : 9.375 %	 [23, 29, 43, 46, 53, 58]
Rule : 96 	Percentage : 56.25 %	 [1, 2, 3, 4, 5, 6, 8, 10, 11, 12, 13, 16, 17, 19, 20, 22, 23, 24, 25, 26, 29, 32, 33, 34, 37, 38, 40, 41, 43, 44, 46, 48, 50, 52, 53, 58]
Rule : 97 	Percentage : 37.5 %	 [7, 11, 13, 14, 19, 22, 23, 25, 26, 28, 29, 35, 37, 38, 41, 43, 44, 46, 49, 50, 52, 53, 56, 58]
Rule : 98 	Percentage : 18.75 %	 [7, 14, 23, 28, 29, 35, 43, 46, 49, 53, 56, 58]
Rule : 99 	Percentage : 9.375 %	 [23, 29, 43, 46, 53, 58]
Rule : 100 	Percentage : 9.375 %	 [3, 6, 12, 24, 33, 48]
Rule : 101 	Percentage : 9.375 %	 [7, 14, 28, 35, 49, 56]
Rule : 102 	Percentage : 9.375 %	 [7, 14, 28, 35, 49, 56]
Rule : 103 	Percentage : 0.0 %	 []
Rule : 104 	Percentage : 28.125 %	 [1, 2, 4, 5, 7, 8, 10, 14, 16, 17, 20, 28, 32, 34, 35, 40, 49, 56]
Rule : 105 	Percentage : 0.0 %	 []
Rule : 106 	Percentage : 9.375 %	 [15, 30, 39, 51, 57, 60]
Rule : 107 	Percentage : 9.375 %	 [15, 30, 39, 51, 57, 60]
Rule : 108 	Percentage : 9.375 %	 [7, 14, 28, 35, 49, 56]
Rule : 109 	Percentage : 0.0 %	 []
Rule : 110 	Percentage : 9.375 %	 [15, 30, 39, 51, 57, 60]
Rule : 111 	Percentage : 9.375 %	 [15, 30, 39, 51, 57, 60]
Rule : 112 	Percentage : 18.75 %	 [7, 14, 23, 28, 29, 35, 43, 46, 49, 53, 56, 58]
Rule : 113 	Percentage : 9.375 %	 [23, 29, 43, 46, 53, 58]
Rule : 114 	Percentage : 18.75 %	 [15, 23, 29, 30, 39, 43, 46, 51, 53, 57, 58, 60]
Rule : 115 	Percentage : 18.75 %	 [15, 23, 29, 30, 39, 43, 46, 51, 53, 57, 58, 60]
Rule : 116 	Percentage : 9.375 %	 [7, 14, 28, 35, 49, 56]
Rule : 117 	Percentage : 0.0 %	 []
Rule : 118 	Percentage : 9.375 %	 [15, 30, 39, 51, 57, 60]
Rule : 119 	Percentage : 9.375 %	 [15, 30, 39, 51, 57, 60]
Rule : 120 	Percentage : 9.375 %	 [15, 30, 39, 51, 57, 60]
Rule : 121 	Percentage : 9.375 %	 [15, 30, 39, 51, 57, 60]
Rule : 122 	Percentage : 0.0 %	 []
Rule : 123 	Percentage : 0.0 %	 []
Rule : 124 	Percentage : 9.375 %	 [15, 30, 39, 51, 57, 60]
Rule : 125 	Percentage : 9.375 %	 [15, 30, 39, 51, 57, 60]
Rule : 126 	Percentage : 0.0 %	 []
Rule : 127 	Percentage : 0.0 %	 []
Rule : 128 	Percentage : 9.375 %	 [1, 2, 4, 8, 16, 32]
Rule : 129 	Percentage : 18.75 %	 [5, 7, 10, 14, 17, 20, 28, 34, 35, 40, 49, 56]
Rule : 130 	Percentage : 37.5 %	 [3, 5, 6, 7, 10, 12, 14, 15, 17, 20, 24, 28, 30, 33, 34, 35, 39, 40, 48, 49, 51, 56, 57, 60]
Rule : 131 	Percentage : 9.375 %	 [15, 30, 39, 51, 57, 60]
Rule : 132 	Percentage : 0.0 %	 []
Rule : 133 	Percentage : 9.375 %	 [7, 14, 28, 35, 49, 56]
Rule : 134 	Percentage : 46.875 %	 [3, 6, 7, 11, 12, 13, 14, 15, 19, 22, 24, 25, 26, 28, 30, 33, 35, 37, 38, 39, 41, 44, 48, 49, 50, 51, 52, 56, 57, 60]
Rule : 135 	Percentage : 28.125 %	 [11, 13, 15, 19, 22, 25, 26, 30, 37, 38, 39, 41, 44, 50, 51, 52, 57, 60]
Rule : 136 	Percentage : 46.875 %	 [1, 2, 3, 4, 6, 7, 8, 12, 14, 15, 16, 24, 28, 30, 31, 32, 33, 35, 39, 47, 48, 49, 51, 55, 56, 57, 59, 60, 61, 62]
Rule : 137 	Percentage : 28.125 %	 [5, 10, 15, 17, 20, 30, 31, 34, 39, 40, 47, 51, 55, 57, 59, 60, 61, 62]
Rule : 138 	Percentage : 37.5 %	 [5, 10, 11, 13, 17, 19, 20, 22, 25, 26, 31, 34, 37, 38, 40, 41, 44, 47, 50, 52, 55, 59, 61, 62]
Rule : 139 	Percentage : 28.125 %	 [11, 13, 19, 22, 25, 26, 31, 37, 38, 41, 44, 47, 50, 52, 55, 59, 61, 62]
Rule : 140 	Percentage : 65.625 %	 [3, 6, 7, 11, 12, 13, 14, 15, 19, 22, 23, 24, 25, 26, 28, 29, 30, 31, 33, 35, 37, 38, 39, 41, 43, 44, 46, 47, 48, 49, 50, 51, 52, 53, 55, 56, 57, 58, 59, 60, 61, 62]
Rule : 141 	Percentage : 46.875 %	 [11, 13, 15, 19, 22, 23, 25, 26, 29, 30, 31, 37, 38, 39, 41, 43, 44, 46, 47, 50, 51, 52, 53, 55, 57, 58, 59, 60, 61, 62]
Rule : 142 	Percentage : 18.75 %	 [23, 29, 31, 43, 46, 47, 53, 55, 58, 59, 61, 62]
Rule : 143 	Percentage : 18.75 %	 [23, 29, 31, 43, 46, 47, 53, 55, 58, 59, 61, 62]
Rule : 144 	Percentage : 37.5 %	 [3, 5, 6, 7, 10, 12, 14, 15, 17, 20, 24, 28, 30, 33, 34, 35, 39, 40, 48, 49, 51, 56, 57, 60]
Rule : 145 	Percentage : 9.375 %	 [15, 30, 39, 51, 57, 60]
Rule : 146 	Percentage : 18.75 %	 [11, 13, 19, 22, 25, 26, 37, 38, 41, 44, 50, 52]
Rule : 147 	Percentage : 18.75 %	 [11, 13, 19, 22, 25, 26, 37, 38, 41, 44, 50, 52]
Rule : 148 	Percentage : 46.875 %	 [3, 6, 7, 11, 12, 13, 14, 15, 19, 22, 24, 25, 26, 28, 30, 33, 35, 37, 38, 39, 41, 44, 48, 49, 50, 51, 52, 56, 57, 60]
Rule : 149 	Percentage : 28.125 %	 [11, 13, 15, 19, 22, 25, 26, 30, 37, 38, 39, 41, 44, 50, 51, 52, 57, 60]
Rule : 150 	Percentage : 0.0 %	 []
Rule : 151 	Percentage : 0.0 %	 []
Rule : 152 	Percentage : 37.5 %	 [5, 10, 11, 13, 17, 19, 20, 22, 25, 26, 31, 34, 37, 38, 40, 41, 44, 47, 50, 52, 55, 59, 61, 62]
Rule : 153 	Percentage : 28.125 %	 [11, 13, 19, 22, 25, 26, 31, 37, 38, 41, 44, 47, 50, 52, 55, 59, 61, 62]
Rule : 154 	Percentage : 9.375 %	 [31, 47, 55, 59, 61, 62]
Rule : 155 	Percentage : 9.375 %	 [31, 47, 55, 59, 61, 62]
Rule : 156 	Percentage : 18.75 %	 [23, 29, 31, 43, 46, 47, 53, 55, 58, 59, 61, 62]
Rule : 157 	Percentage : 18.75 %	 [23, 29, 31, 43, 46, 47, 53, 55, 58, 59, 61, 62]
Rule : 158 	Percentage : 18.75 %	 [23, 29, 31, 43, 46, 47, 53, 55, 58, 59, 61, 62]
Rule : 159 	Percentage : 18.75 %	 [23, 29, 31, 43, 46, 47, 53, 55, 58, 59, 61, 62]
Rule : 160 	Percentage : 37.5 %	 [1, 2, 4, 5, 8, 10, 16, 17, 20, 23, 29, 31, 32, 34, 40, 43, 46, 47, 53, 55, 58, 59, 61, 62]
Rule : 161 	Percentage : 28.125 %	 [7, 14, 23, 28, 29, 31, 35, 43, 46, 47, 49, 53, 55, 56, 58, 59, 61, 62]
Rule : 162 	Percentage : 65.625 %	 [3, 6, 7, 11, 12, 13, 14, 15, 19, 22, 23, 24, 25, 26, 28, 29, 30, 31, 33, 35, 37, 38, 39, 41, 43, 44, 46, 47, 48, 49, 50, 51, 52, 53, 55, 56, 57, 58, 59, 60, 61, 62]
Rule : 163 	Percentage : 46.875 %	 [11, 13, 15, 19, 22, 23, 25, 26, 29, 30, 31, 37, 38, 39, 41, 43, 44, 46, 47, 50, 51, 52, 53, 55, 57, 58, 59, 60, 61, 62]
Rule : 164 	Percentage : 28.125 %	 [11, 13, 19, 22, 25, 26, 31, 37, 38, 41, 44, 47, 50, 52, 55, 59, 61, 62]
Rule : 165 	Percentage : 37.5 %	 [7, 11, 13, 14, 19, 22, 25, 26, 28, 31, 35, 37, 38, 41, 44, 47, 49, 50, 52, 55, 56, 59, 61, 62]
Rule : 166 	Percentage : 37.5 %	 [3, 6, 7, 12, 14, 15, 24, 28, 30, 31, 33, 35, 39, 47, 48, 49, 51, 55, 56, 57, 59, 60, 61, 62]
Rule : 167 	Percentage : 18.75 %	 [15, 30, 31, 39, 47, 51, 55, 57, 59, 60, 61, 62]
Rule : 168 	Percentage : 65.625 %	 [1, 2, 3, 4, 5, 6, 7, 8, 10, 11, 12, 13, 14, 15, 16, 17, 19, 20, 22, 24, 25, 26, 28, 30, 32, 33, 34, 35, 37, 38, 39, 40, 41, 44, 48, 49, 50, 51, 52, 56, 57, 60]
Rule : 169 	Percentage : 28.125 %	 [11, 13, 15, 19, 22, 25, 26, 30, 37, 38, 39, 41, 44, 50, 51, 52, 57, 60]
Rule : 170 	Percentage : 0.0 %	 []
Rule : 171 	Percentage : 0.0 %	 []
Rule : 172 	Percentage : 28.125 %	 [3, 6, 7, 12, 14, 15, 24, 28, 30, 33, 35, 39, 48, 49, 51, 56, 57, 60]
Rule : 173 	Percentage : 9.375 %	 [15, 30, 39, 51, 57, 60]
Rule : 174 	Percentage : 0.0 %	 []
Rule : 175 	Percentage : 0.0 %	 []
Rule : 176 	Percentage : 65.625 %	 [3, 6, 7, 11, 12, 13, 14, 15, 19, 22, 23, 24, 25, 26, 28, 29, 30, 31, 33, 35, 37, 38, 39, 41, 43, 44, 46, 47, 48, 49, 50, 51, 52, 53, 55, 56, 57, 58, 59, 60, 61, 62]
Rule : 177 	Percentage : 46.875 %	 [11, 13, 15, 19, 22, 23, 25, 26, 29, 30, 31, 37, 38, 39, 41, 43, 44, 46, 47, 50, 51, 52, 53, 55, 57, 58, 59, 60, 61, 62]
Rule : 178 	Percentage : 18.75 %	 [23, 29, 31, 43, 46, 47, 53, 55, 58, 59, 61, 62]
Rule : 179 	Percentage : 18.75 %	 [23, 29, 31, 43, 46, 47, 53, 55, 58, 59, 61, 62]
Rule : 180 	Percentage : 37.5 %	 [3, 6, 7, 12, 14, 15, 24, 28, 30, 31, 33, 35, 39, 47, 48, 49, 51, 55, 56, 57, 59, 60, 61, 62]
Rule : 181 	Percentage : 18.75 %	 [15, 30, 31, 39, 47, 51, 55, 57, 59, 60, 61, 62]
Rule : 182 	Percentage : 9.375 %	 [31, 47, 55, 59, 61, 62]
Rule : 183 	Percentage : 9.375 %	 [31, 47, 55, 59, 61, 62]
Rule : 184 	Percentage : 0.0 %	 []
Rule : 185 	Percentage : 0.0 %	 []
Rule : 186 	Percentage : 0.0 %	 []
Rule : 187 	Percentage : 0.0 %	 []
Rule : 188 	Percentage : 0.0 %	 []
Rule : 189 	Percentage : 0.0 %	 []
Rule : 190 	Percentage : 0.0 %	 []
Rule : 191 	Percentage : 0.0 %	 []
Rule : 192 	Percentage : 46.875 %	 [1, 2, 3, 4, 6, 7, 8, 12, 14, 15, 16, 24, 28, 30, 31, 32, 33, 35, 39, 47, 48, 49, 51, 55, 56, 57, 59, 60, 61, 62]
Rule : 193 	Percentage : 28.125 %	 [5, 10, 15, 17, 20, 30, 31, 34, 39, 40, 47, 51, 55, 57, 59, 60, 61, 62]
Rule : 194 	Percentage : 37.5 %	 [5, 10, 11, 13, 17, 19, 20, 22, 25, 26, 31, 34, 37, 38, 40, 41, 44, 47, 50, 52, 55, 59, 61, 62]
Rule : 195 	Percentage : 28.125 %	 [11, 13, 19, 22, 25, 26, 31, 37, 38, 41, 44, 47, 50, 52, 55, 59, 61, 62]
Rule : 196 	Percentage : 65.625 %	 [3, 6, 7, 11, 12, 13, 14, 15, 19, 22, 23, 24, 25, 26, 28, 29, 30, 31, 33, 35, 37, 38, 39, 41, 43, 44, 46, 47, 48, 49, 50, 51, 52, 53, 55, 56, 57, 58, 59, 60, 61, 62]
Rule : 197 	Percentage : 46.875 %	 [11, 13, 15, 19, 22, 23, 25, 26, 29, 30, 31, 37, 38, 39, 41, 43, 44, 46, 47, 50, 51, 52, 53, 55, 57, 58, 59, 60, 61, 62]
Rule : 198 	Percentage : 18.75 %	 [23, 29, 31, 43, 46, 47, 53, 55, 58, 59, 61, 62]
Rule : 199 	Percentage : 18.75 %	 [23, 29, 31, 43, 46, 47, 53, 55, 58, 59, 61, 62]
Rule : 200 	Percentage : 37.5 %	 [1, 2, 4, 8, 11, 13, 16, 19, 22, 23, 25, 26, 29, 32, 37, 38, 41, 43, 44, 46, 50, 52, 53, 58]
Rule : 201 	Percentage : 37.5 %	 [5, 10, 11, 13, 17, 19, 20, 22, 23, 25, 26, 29, 34, 37, 38, 40, 41, 43, 44, 46, 50, 52, 53, 58]
Rule : 202 	Percentage : 18.75 %	 [5, 10, 17, 20, 23, 29, 34, 40, 43, 46, 53, 58]
Rule : 203 	Percentage : 9.375 %	 [23, 29, 43, 46, 53, 58]
Rule : 204 	Percentage : 0.0 %	 []
Rule : 205 	Percentage : 0.0 %	 []
Rule : 206 	Percentage : 0.0 %	 []
Rule : 207 	Percentage : 0.0 %	 []
Rule : 208 	Percentage : 37.5 %	 [5, 10, 11, 13, 17, 19, 20, 22, 25, 26, 31, 34, 37, 38, 40, 41, 44, 47, 50, 52, 55, 59, 61, 62]
Rule : 209 	Percentage : 28.125 %	 [11, 13, 19, 22, 25, 26, 31, 37, 38, 41, 44, 47, 50, 52, 55, 59, 61, 62]
Rule : 210 	Percentage : 9.375 %	 [31, 47, 55, 59, 61, 62]
Rule : 211 	Percentage : 9.375 %	 [31, 47, 55, 59, 61, 62]
Rule : 212 	Percentage : 18.75 %	 [23, 29, 31, 43, 46, 47, 53, 55, 58, 59, 61, 62]
Rule : 213 	Percentage : 18.75 %	 [23, 29, 31, 43, 46, 47, 53, 55, 58, 59, 61, 62]
Rule : 214 	Percentage : 18.75 %	 [23, 29, 31, 43, 46, 47, 53, 55, 58, 59, 61, 62]
Rule : 215 	Percentage : 18.75 %	 [23, 29, 31, 43, 46, 47, 53, 55, 58, 59, 61, 62]
Rule : 216 	Percentage : 18.75 %	 [5, 10, 17, 20, 23, 29, 34, 40, 43, 46, 53, 58]
Rule : 217 	Percentage : 9.375 %	 [23, 29, 43, 46, 53, 58]
Rule : 218 	Percentage : 9.375 %	 [23, 29, 43, 46, 53, 58]
Rule : 219 	Percentage : 9.375 %	 [23, 29, 43, 46, 53, 58]
Rule : 220 	Percentage : 0.0 %	 []
Rule : 221 	Percentage : 0.0 %	 []
Rule : 222 	Percentage : 0.0 %	 []
Rule : 223 	Percentage : 0.0 %	 []
Rule : 224 	Percentage : 65.625 %	 [1, 2, 3, 4, 5, 6, 7, 8, 10, 11, 12, 13, 14, 15, 16, 17, 19, 20, 22, 24, 25, 26, 28, 30, 32, 33, 34, 35, 37, 38, 39, 40, 41, 44, 48, 49, 50, 51, 52, 56, 57, 60]
Rule : 225 	Percentage : 28.125 %	 [11, 13, 15, 19, 22, 25, 26, 30, 37, 38, 39, 41, 44, 50, 51, 52, 57, 60]
Rule : 226 	Percentage : 0.0 %	 []
Rule : 227 	Percentage : 0.0 %	 []
Rule : 228 	Percentage : 28.125 %	 [3, 6, 7, 12, 14, 15, 24, 28, 30, 33, 35, 39, 48, 49, 51, 56, 57, 60]
Rule : 229 	Percentage : 9.375 %	 [15, 30, 39, 51, 57, 60]
Rule : 230 	Percentage : 0.0 %	 []
Rule : 231 	Percentage : 0.0 %	 []
Rule : 232 	Percentage : 18.75 %	 [1, 2, 4, 5, 8, 10, 16, 17, 20, 32, 34, 40]
Rule : 233 	Percentage : 0.0 %	 []
Rule : 234 	Percentage : 0.0 %	 []
Rule : 235 	Percentage : 0.0 %	 []
Rule : 236 	Percentage : 0.0 %	 []
Rule : 237 	Percentage : 0.0 %	 []
Rule : 238 	Percentage : 0.0 %	 []
Rule : 239 	Percentage : 0.0 %	 []
Rule : 240 	Percentage : 0.0 %	 []
Rule : 241 	Percentage : 0.0 %	 []
Rule : 242 	Percentage : 0.0 %	 []
Rule : 243 	Percentage : 0.0 %	 []
Rule : 244 	Percentage : 0.0 %	 []
Rule : 245 	Percentage : 0.0 %	 []
Rule : 246 	Percentage : 0.0 %	 []
Rule : 247 	Percentage : 0.0 %	 []
Rule : 248 	Percentage : 0.0 %	 []
Rule : 249 	Percentage : 0.0 %	 []
Rule : 250 	Percentage : 0.0 %	 []
Rule : 251 	Percentage : 0.0 %	 []
Rule : 252 	Percentage : 0.0 %	 []
Rule : 253 	Percentage : 0.0 %	 []
Rule : 254 	Percentage : 0.0 %	 []
Rule : 255 	Percentage : 0.0 %	 []
