This represents all the transitions of 2^4 strings on the 
application of the rule vector <R>
Sample:
	<Rule>
	<2^4 all strings decimal>    <value on their transitions with respect to <Rule> > :=X
	<Unique values in X>    <Value on the transitions with respect to <Rule> >
This continues till the Rules in X becomes same.

 Rule :  [0, 0, 0, 0]
[0, 1, 2, 3, 4, 5, 6, 7, 8, 9, 10, 11, 12, 13, 14, 15] 	 [0, 0, 0, 0, 0, 0, 0, 0, 0, 0, 0, 0, 0, 0, 0, 0]
[0] 			 [0]



 Rule :  [1, 1, 1, 1]
[0, 1, 2, 3, 4, 5, 6, 7, 8, 9, 10, 11, 12, 13, 14, 15] 	 [15, 4, 8, 0, 1, 0, 0, 0, 2, 0, 0, 0, 0, 0, 0, 0]
[ 0  1  2  4  8 15] 			 [15, 4, 8, 1, 2, 0]



 Rule :  [2, 2, 2, 2]
[0, 1, 2, 3, 4, 5, 6, 7, 8, 9, 10, 11, 12, 13, 14, 15] 	 [0, 2, 4, 4, 8, 0, 8, 0, 1, 2, 0, 0, 1, 0, 0, 0]
[0 1 2 4 8] 			 [0, 2, 4, 8, 1]



 Rule :  [3, 3, 3, 3]
[0, 1, 2, 3, 4, 5, 6, 7, 8, 9, 10, 11, 12, 13, 14, 15] 	 [15, 6, 12, 4, 9, 0, 8, 0, 3, 2, 0, 0, 1, 0, 0, 0]
[ 0  1  2  3  4  6  8  9 12 15] 			 [15, 6, 12, 4, 9, 8, 3, 2, 1, 0]



 Rule :  [4, 4, 4, 4]
[0, 1, 2, 3, 4, 5, 6, 7, 8, 9, 10, 11, 12, 13, 14, 15] 	 [0, 1, 2, 0, 4, 5, 0, 0, 8, 0, 10, 0, 0, 0, 0, 0]
[ 0  1  2  4  5  8 10] 			 [0, 1, 2, 4, 5, 8, 10]



 Rule :  [5, 5, 5, 5]
[0, 1, 2, 3, 4, 5, 6, 7, 8, 9, 10, 11, 12, 13, 14, 15] 	 [15, 5, 10, 0, 5, 5, 0, 0, 10, 0, 10, 0, 0, 0, 0, 0]
[ 0  5 10 15] 			 [15, 5, 10, 0]



 Rule :  [6, 6, 6, 6]
[0, 1, 2, 3, 4, 5, 6, 7, 8, 9, 10, 11, 12, 13, 14, 15] 	 [0, 3, 6, 4, 12, 5, 8, 0, 9, 2, 10, 0, 1, 0, 0, 0]
[ 0  1  2  3  4  5  6  8  9 10 12] 			 [0, 3, 6, 4, 12, 5, 8, 9, 2, 10, 1]



 Rule :  [7, 7, 7, 7]
[0, 1, 2, 3, 4, 5, 6, 7, 8, 9, 10, 11, 12, 13, 14, 15] 	 [15, 7, 14, 4, 13, 5, 8, 0, 11, 2, 10, 0, 1, 0, 0, 0]
[ 0  1  2  4  5  7  8 10 11 13 14 15] 			 [15, 7, 14, 13, 5, 0, 11, 10, 0, 0, 0, 0]
[ 0  5  7 10 11 13 14 15] 			 [15, 5, 0, 10, 0, 0, 0, 0]
[ 0  5 10 15] 			 [15, 5, 10, 0]



 Rule :  [8, 8, 8, 8]
[0, 1, 2, 3, 4, 5, 6, 7, 8, 9, 10, 11, 12, 13, 14, 15] 	 [0, 0, 0, 2, 0, 0, 4, 4, 0, 1, 0, 2, 8, 1, 8, 0]
[0 1 2 4 8] 			 [0, 0, 0, 0, 0]
[0] 			 [0]



 Rule :  [9, 9, 9, 9]
[0, 1, 2, 3, 4, 5, 6, 7, 8, 9, 10, 11, 12, 13, 14, 15] 	 [15, 4, 8, 2, 1, 0, 4, 4, 2, 1, 0, 2, 8, 1, 8, 0]
[ 0  1  2  4  8 15] 			 [15, 4, 8, 1, 2, 0]



 Rule :  [10, 10, 10, 10]
[0, 1, 2, 3, 4, 5, 6, 7, 8, 9, 10, 11, 12, 13, 14, 15] 	 [0, 2, 4, 6, 8, 0, 12, 4, 1, 3, 0, 2, 9, 1, 8, 0]
[ 0  1  2  3  4  6  8  9 12] 			 [0, 2, 4, 6, 8, 12, 1, 3, 9]



 Rule :  [11, 11, 11, 11]
[0, 1, 2, 3, 4, 5, 6, 7, 8, 9, 10, 11, 12, 13, 14, 15] 	 [15, 6, 12, 6, 9, 0, 12, 4, 3, 3, 0, 2, 9, 1, 8, 0]
[ 0  1  2  3  4  6  8  9 12 15] 			 [15, 6, 12, 6, 9, 12, 3, 3, 9, 0]
[ 0  3  6  9 12 15] 			 [15, 6, 12, 3, 9, 0]



 Rule :  [12, 12, 12, 12]
[0, 1, 2, 3, 4, 5, 6, 7, 8, 9, 10, 11, 12, 13, 14, 15] 	 [0, 1, 2, 2, 4, 5, 4, 4, 8, 1, 10, 2, 8, 1, 8, 0]
[ 0  1  2  4  5  8 10] 			 [0, 1, 2, 4, 5, 8, 10]



 Rule :  [13, 13, 13, 13]
[0, 1, 2, 3, 4, 5, 6, 7, 8, 9, 10, 11, 12, 13, 14, 15] 	 [15, 5, 10, 2, 5, 5, 4, 4, 10, 1, 10, 2, 8, 1, 8, 0]
[ 0  1  2  4  5  8 10 15] 			 [15, 5, 10, 5, 5, 10, 10, 0]
[ 0  5 10 15] 			 [15, 5, 10, 0]



 Rule :  [14, 14, 14, 14]
[0, 1, 2, 3, 4, 5, 6, 7, 8, 9, 10, 11, 12, 13, 14, 15] 	 [0, 3, 6, 6, 12, 5, 12, 4, 9, 3, 10, 2, 9, 1, 8, 0]
[ 0  1  2  3  4  5  6  8  9 10 12] 			 [0, 3, 6, 6, 12, 5, 12, 9, 3, 10, 9]
[ 0  3  5  6  9 10 12] 			 [0, 6, 5, 12, 3, 10, 9]



 Rule :  [15, 15, 15, 15]
[0, 1, 2, 3, 4, 5, 6, 7, 8, 9, 10, 11, 12, 13, 14, 15] 	 [15, 7, 14, 6, 13, 5, 12, 4, 11, 3, 10, 2, 9, 1, 8, 0]
[ 0  1  2  3  4  5  6  7  8  9 10 11 12 13 14 15] 			 [15, 7, 14, 6, 13, 5, 12, 4, 11, 3, 10, 2, 9, 1, 8, 0]



 Rule :  [16, 16, 16, 16]
[0, 1, 2, 3, 4, 5, 6, 7, 8, 9, 10, 11, 12, 13, 14, 15] 	 [0, 8, 1, 8, 2, 0, 1, 0, 4, 4, 0, 0, 2, 0, 0, 0]
[0 1 2 4 8] 			 [0, 8, 1, 2, 4]



 Rule :  [17, 17, 17, 17]
[0, 1, 2, 3, 4, 5, 6, 7, 8, 9, 10, 11, 12, 13, 14, 15] 	 [15, 12, 9, 8, 3, 0, 1, 0, 6, 4, 0, 0, 2, 0, 0, 0]
[ 0  1  2  3  4  6  8  9 12 15] 			 [15, 12, 9, 8, 3, 1, 6, 4, 2, 0]



 Rule :  [18, 18, 18, 18]
[0, 1, 2, 3, 4, 5, 6, 7, 8, 9, 10, 11, 12, 13, 14, 15] 	 [0, 10, 5, 12, 10, 0, 9, 0, 5, 6, 0, 0, 3, 0, 0, 0]
[ 0  3  5  6  9 10 12] 			 [0, 12, 0, 9, 6, 0, 3]
[ 0  3  6  9 12] 			 [0, 12, 9, 6, 3]



 Rule :  [19, 19, 19, 19]
[0, 1, 2, 3, 4, 5, 6, 7, 8, 9, 10, 11, 12, 13, 14, 15] 	 [15, 14, 13, 12, 11, 0, 9, 0, 7, 6, 0, 0, 3, 0, 0, 0]
[ 0  3  6  7  9 11 12 13 14 15] 			 [15, 12, 9, 0, 6, 0, 3, 0, 0, 0]
[ 0  3  6  9 12 15] 			 [15, 12, 9, 6, 3, 0]



 Rule :  [20, 20, 20, 20]
[0, 1, 2, 3, 4, 5, 6, 7, 8, 9, 10, 11, 12, 13, 14, 15] 	 [0, 9, 3, 8, 6, 5, 1, 0, 12, 4, 10, 0, 2, 0, 0, 0]
[ 0  1  2  3  4  5  6  8  9 10 12] 			 [0, 9, 3, 8, 6, 5, 1, 12, 4, 10, 2]



 Rule :  [21, 21, 21, 21]
[0, 1, 2, 3, 4, 5, 6, 7, 8, 9, 10, 11, 12, 13, 14, 15] 	 [15, 13, 11, 8, 7, 5, 1, 0, 14, 4, 10, 0, 2, 0, 0, 0]
[ 0  1  2  4  5  7  8 10 11 13 14 15] 			 [15, 13, 11, 7, 5, 0, 14, 10, 0, 0, 0, 0]
[ 0  5  7 10 11 13 14 15] 			 [15, 5, 0, 10, 0, 0, 0, 0]
[ 0  5 10 15] 			 [15, 5, 10, 0]



 Rule :  [22, 22, 22, 22]
[0, 1, 2, 3, 4, 5, 6, 7, 8, 9, 10, 11, 12, 13, 14, 15] 	 [0, 11, 7, 12, 14, 5, 9, 0, 13, 6, 10, 0, 3, 0, 0, 0]
[ 0  3  5  6  7  9 10 11 12 13 14] 			 [0, 12, 5, 9, 0, 6, 10, 0, 3, 0, 0]
[ 0  3  5  6  9 10 12] 			 [0, 12, 5, 9, 6, 10, 3]



 Rule :  [23, 23, 23, 23]
[0, 1, 2, 3, 4, 5, 6, 7, 8, 9, 10, 11, 12, 13, 14, 15] 	 [15, 15, 15, 12, 15, 5, 9, 0, 15, 6, 10, 0, 3, 0, 0, 0]
[ 0  3  5  6  9 10 12 15] 			 [15, 12, 5, 9, 6, 10, 3, 0]



 Rule :  [24, 24, 24, 24]
[0, 1, 2, 3, 4, 5, 6, 7, 8, 9, 10, 11, 12, 13, 14, 15] 	 [0, 8, 1, 10, 2, 0, 5, 4, 4, 5, 0, 2, 10, 1, 8, 0]
[ 0  1  2  4  5  8 10] 			 [0, 8, 1, 2, 0, 4, 0]
[0 1 2 4 8] 			 [0, 8, 1, 2, 4]



 Rule :  [25, 25, 25, 25]
[0, 1, 2, 3, 4, 5, 6, 7, 8, 9, 10, 11, 12, 13, 14, 15] 	 [15, 12, 9, 10, 3, 0, 5, 4, 6, 5, 0, 2, 10, 1, 8, 0]
[ 0  1  2  3  4  5  6  8  9 10 12 15] 			 [15, 12, 9, 10, 3, 0, 5, 6, 5, 0, 10, 0]
[ 0  3  5  6  9 10 12 15] 			 [15, 10, 0, 5, 5, 0, 10, 0]
[ 0  5 10 15] 			 [15, 0, 0, 0]
[ 0 15] 			 [15, 0]



 Rule :  [26, 26, 26, 26]
[0, 1, 2, 3, 4, 5, 6, 7, 8, 9, 10, 11, 12, 13, 14, 15] 	 [0, 10, 5, 14, 10, 0, 13, 4, 5, 7, 0, 2, 11, 1, 8, 0]
[ 0  1  2  4  5  7  8 10 11 13 14] 			 [0, 10, 5, 10, 0, 4, 5, 0, 2, 1, 8]
[ 0  1  2  4  5  8 10] 			 [0, 10, 5, 10, 0, 5, 0]
[ 0  5 10] 			 [0, 0, 0]
[0] 			 [0]



 Rule :  [27, 27, 27, 27]
[0, 1, 2, 3, 4, 5, 6, 7, 8, 9, 10, 11, 12, 13, 14, 15] 	 [15, 14, 13, 14, 11, 0, 13, 4, 7, 7, 0, 2, 11, 1, 8, 0]
[ 0  1  2  4  7  8 11 13 14 15] 			 [15, 14, 13, 11, 4, 7, 2, 1, 8, 0]



 Rule :  [28, 28, 28, 28]
[0, 1, 2, 3, 4, 5, 6, 7, 8, 9, 10, 11, 12, 13, 14, 15] 	 [0, 9, 3, 10, 6, 5, 5, 4, 12, 5, 10, 2, 10, 1, 8, 0]
[ 0  1  2  3  4  5  6  8  9 10 12] 			 [0, 9, 3, 10, 6, 5, 5, 12, 5, 10, 10]
[ 0  3  5  6  9 10 12] 			 [0, 10, 5, 5, 5, 10, 10]
[ 0  5 10] 			 [0, 5, 10]



 Rule :  [29, 29, 29, 29]
[0, 1, 2, 3, 4, 5, 6, 7, 8, 9, 10, 11, 12, 13, 14, 15] 	 [15, 13, 11, 10, 7, 5, 5, 4, 14, 5, 10, 2, 10, 1, 8, 0]
[ 0  1  2  4  5  7  8 10 11 13 14 15] 			 [15, 13, 11, 7, 5, 4, 14, 10, 2, 1, 8, 0]



 Rule :  [30, 30, 30, 30]
[0, 1, 2, 3, 4, 5, 6, 7, 8, 9, 10, 11, 12, 13, 14, 15] 	 [0, 11, 7, 14, 14, 5, 13, 4, 13, 7, 10, 2, 11, 1, 8, 0]
[ 0  1  2  4  5  7  8 10 11 13 14] 			 [0, 11, 7, 14, 5, 4, 13, 10, 2, 1, 8]



 Rule :  [31, 31, 31, 31]
[0, 1, 2, 3, 4, 5, 6, 7, 8, 9, 10, 11, 12, 13, 14, 15] 	 [15, 15, 15, 14, 15, 5, 13, 4, 15, 7, 10, 2, 11, 1, 8, 0]
[ 0  1  2  4  5  7  8 10 11 13 14 15] 			 [15, 15, 15, 15, 5, 4, 15, 10, 2, 1, 8, 0]
[ 0  1  2  4  5  8 10 15] 			 [15, 15, 15, 15, 5, 15, 10, 0]
[ 0  5 10 15] 			 [15, 5, 10, 0]



 Rule :  [32, 32, 32, 32]
[0, 1, 2, 3, 4, 5, 6, 7, 8, 9, 10, 11, 12, 13, 14, 15] 	 [0, 0, 0, 0, 0, 10, 0, 8, 0, 0, 5, 4, 0, 2, 1, 0]
[ 0  1  2  4  5  8 10] 			 [0, 0, 0, 0, 10, 0, 5]
[ 0  5 10] 			 [0, 10, 5]



 Rule :  [33, 33, 33, 33]
[0, 1, 2, 3, 4, 5, 6, 7, 8, 9, 10, 11, 12, 13, 14, 15] 	 [15, 4, 8, 0, 1, 10, 0, 8, 2, 0, 5, 4, 0, 2, 1, 0]
[ 0  1  2  4  5  8 10 15] 			 [15, 4, 8, 1, 10, 2, 5, 0]



 Rule :  [34, 34, 34, 34]
[0, 1, 2, 3, 4, 5, 6, 7, 8, 9, 10, 11, 12, 13, 14, 15] 	 [0, 2, 4, 4, 8, 10, 8, 8, 1, 2, 5, 4, 1, 2, 1, 0]
[ 0  1  2  4  5  8 10] 			 [0, 2, 4, 8, 10, 1, 5]



 Rule :  [35, 35, 35, 35]
[0, 1, 2, 3, 4, 5, 6, 7, 8, 9, 10, 11, 12, 13, 14, 15] 	 [15, 6, 12, 4, 9, 10, 8, 8, 3, 2, 5, 4, 1, 2, 1, 0]
[ 0  1  2  3  4  5  6  8  9 10 12 15] 			 [15, 6, 12, 4, 9, 10, 8, 3, 2, 5, 1, 0]



 Rule :  [36, 36, 36, 36]
[0, 1, 2, 3, 4, 5, 6, 7, 8, 9, 10, 11, 12, 13, 14, 15] 	 [0, 1, 2, 0, 4, 15, 0, 8, 8, 0, 15, 4, 0, 2, 1, 0]
[ 0  1  2  4  8 15] 			 [0, 1, 2, 4, 8, 0]
[0 1 2 4 8] 			 [0, 1, 2, 4, 8]



 Rule :  [37, 37, 37, 37]
[0, 1, 2, 3, 4, 5, 6, 7, 8, 9, 10, 11, 12, 13, 14, 15] 	 [15, 5, 10, 0, 5, 15, 0, 8, 10, 0, 15, 4, 0, 2, 1, 0]
[ 0  1  2  4  5  8 10 15] 			 [15, 5, 10, 5, 15, 10, 15, 0]
[ 0  5 10 15] 			 [15, 15, 15, 0]
[ 0 15] 			 [15, 0]



 Rule :  [38, 38, 38, 38]
[0, 1, 2, 3, 4, 5, 6, 7, 8, 9, 10, 11, 12, 13, 14, 15] 	 [0, 3, 6, 4, 12, 15, 8, 8, 9, 2, 15, 4, 1, 2, 1, 0]
[ 0  1  2  3  4  6  8  9 12 15] 			 [0, 3, 6, 4, 12, 8, 9, 2, 1, 0]
[ 0  1  2  3  4  6  8  9 12] 			 [0, 3, 6, 4, 12, 8, 9, 2, 1]



 Rule :  [39, 39, 39, 39]
[0, 1, 2, 3, 4, 5, 6, 7, 8, 9, 10, 11, 12, 13, 14, 15] 	 [15, 7, 14, 4, 13, 15, 8, 8, 11, 2, 15, 4, 1, 2, 1, 0]
[ 0  1  2  4  7  8 11 13 14 15] 			 [15, 7, 14, 13, 8, 11, 4, 2, 1, 0]



 Rule :  [40, 40, 40, 40]
[0, 1, 2, 3, 4, 5, 6, 7, 8, 9, 10, 11, 12, 13, 14, 15] 	 [0, 0, 0, 2, 0, 10, 4, 12, 0, 1, 5, 6, 8, 3, 9, 0]
[ 0  1  2  3  4  5  6  8  9 10 12] 			 [0, 0, 0, 2, 0, 10, 4, 0, 1, 5, 8]
[ 0  1  2  4  5  8 10] 			 [0, 0, 0, 0, 10, 0, 5]
[ 0  5 10] 			 [0, 10, 5]



 Rule :  [41, 41, 41, 41]
[0, 1, 2, 3, 4, 5, 6, 7, 8, 9, 10, 11, 12, 13, 14, 15] 	 [15, 4, 8, 2, 1, 10, 4, 12, 2, 1, 5, 6, 8, 3, 9, 0]
[ 0  1  2  3  4  5  6  8  9 10 12 15] 			 [15, 4, 8, 2, 1, 10, 4, 2, 1, 5, 8, 0]
[ 0  1  2  4  5  8 10 15] 			 [15, 4, 8, 1, 10, 2, 5, 0]



 Rule :  [42, 42, 42, 42]
[0, 1, 2, 3, 4, 5, 6, 7, 8, 9, 10, 11, 12, 13, 14, 15] 	 [0, 2, 4, 6, 8, 10, 12, 12, 1, 3, 5, 6, 9, 3, 9, 0]
[ 0  1  2  3  4  5  6  8  9 10 12] 			 [0, 2, 4, 6, 8, 10, 12, 1, 3, 5, 9]



 Rule :  [43, 43, 43, 43]
[0, 1, 2, 3, 4, 5, 6, 7, 8, 9, 10, 11, 12, 13, 14, 15] 	 [15, 6, 12, 6, 9, 10, 12, 12, 3, 3, 5, 6, 9, 3, 9, 0]
[ 0  3  5  6  9 10 12 15] 			 [15, 6, 10, 12, 3, 5, 9, 0]



 Rule :  [44, 44, 44, 44]
[0, 1, 2, 3, 4, 5, 6, 7, 8, 9, 10, 11, 12, 13, 14, 15] 	 [0, 1, 2, 2, 4, 15, 4, 12, 8, 1, 15, 6, 8, 3, 9, 0]
[ 0  1  2  3  4  6  8  9 12 15] 			 [0, 1, 2, 2, 4, 4, 8, 1, 8, 0]
[0 1 2 4 8] 			 [0, 1, 2, 4, 8]



 Rule :  [45, 45, 45, 45]
[0, 1, 2, 3, 4, 5, 6, 7, 8, 9, 10, 11, 12, 13, 14, 15] 	 [15, 5, 10, 2, 5, 15, 4, 12, 10, 1, 15, 6, 8, 3, 9, 0]
[ 0  1  2  3  4  5  6  8  9 10 12 15] 			 [15, 5, 10, 2, 5, 15, 4, 10, 1, 15, 8, 0]
[ 0  1  2  4  5  8 10 15] 			 [15, 5, 10, 5, 15, 10, 15, 0]
[ 0  5 10 15] 			 [15, 15, 15, 0]
[ 0 15] 			 [15, 0]



 Rule :  [46, 46, 46, 46]
[0, 1, 2, 3, 4, 5, 6, 7, 8, 9, 10, 11, 12, 13, 14, 15] 	 [0, 3, 6, 6, 12, 15, 12, 12, 9, 3, 15, 6, 9, 3, 9, 0]
[ 0  3  6  9 12 15] 			 [0, 6, 12, 3, 9, 0]
[ 0  3  6  9 12] 			 [0, 6, 12, 3, 9]



 Rule :  [47, 47, 47, 47]
[0, 1, 2, 3, 4, 5, 6, 7, 8, 9, 10, 11, 12, 13, 14, 15] 	 [15, 7, 14, 6, 13, 15, 12, 12, 11, 3, 15, 6, 9, 3, 9, 0]
[ 0  3  6  7  9 11 12 13 14 15] 			 [15, 6, 12, 12, 3, 6, 9, 3, 9, 0]
[ 0  3  6  9 12 15] 			 [15, 6, 12, 3, 9, 0]



 Rule :  [48, 48, 48, 48]
[0, 1, 2, 3, 4, 5, 6, 7, 8, 9, 10, 11, 12, 13, 14, 15] 	 [0, 8, 1, 8, 2, 10, 1, 8, 4, 4, 5, 4, 2, 2, 1, 0]
[ 0  1  2  4  5  8 10] 			 [0, 8, 1, 2, 10, 4, 5]



 Rule :  [49, 49, 49, 49]
[0, 1, 2, 3, 4, 5, 6, 7, 8, 9, 10, 11, 12, 13, 14, 15] 	 [15, 12, 9, 8, 3, 10, 1, 8, 6, 4, 5, 4, 2, 2, 1, 0]
[ 0  1  2  3  4  5  6  8  9 10 12 15] 			 [15, 12, 9, 8, 3, 10, 1, 6, 4, 5, 2, 0]



 Rule :  [50, 50, 50, 50]
[0, 1, 2, 3, 4, 5, 6, 7, 8, 9, 10, 11, 12, 13, 14, 15] 	 [0, 10, 5, 12, 10, 10, 9, 8, 5, 6, 5, 4, 3, 2, 1, 0]
[ 0  1  2  3  4  5  6  8  9 10 12] 			 [0, 10, 5, 12, 10, 10, 9, 5, 6, 5, 3]
[ 0  3  5  6  9 10 12] 			 [0, 12, 10, 9, 6, 5, 3]



 Rule :  [51, 51, 51, 51]
[0, 1, 2, 3, 4, 5, 6, 7, 8, 9, 10, 11, 12, 13, 14, 15] 	 [15, 14, 13, 12, 11, 10, 9, 8, 7, 6, 5, 4, 3, 2, 1, 0]
[ 0  1  2  3  4  5  6  7  8  9 10 11 12 13 14 15] 			 [15, 14, 13, 12, 11, 10, 9, 8, 7, 6, 5, 4, 3, 2, 1, 0]



 Rule :  [52, 52, 52, 52]
[0, 1, 2, 3, 4, 5, 6, 7, 8, 9, 10, 11, 12, 13, 14, 15] 	 [0, 9, 3, 8, 6, 15, 1, 8, 12, 4, 15, 4, 2, 2, 1, 0]
[ 0  1  2  3  4  6  8  9 12 15] 			 [0, 9, 3, 8, 6, 1, 12, 4, 2, 0]
[ 0  1  2  3  4  6  8  9 12] 			 [0, 9, 3, 8, 6, 1, 12, 4, 2]



 Rule :  [53, 53, 53, 53]
[0, 1, 2, 3, 4, 5, 6, 7, 8, 9, 10, 11, 12, 13, 14, 15] 	 [15, 13, 11, 8, 7, 15, 1, 8, 14, 4, 15, 4, 2, 2, 1, 0]
[ 0  1  2  4  7  8 11 13 14 15] 			 [15, 13, 11, 7, 8, 14, 4, 2, 1, 0]



 Rule :  [54, 54, 54, 54]
[0, 1, 2, 3, 4, 5, 6, 7, 8, 9, 10, 11, 12, 13, 14, 15] 	 [0, 11, 7, 12, 14, 15, 9, 8, 13, 6, 15, 4, 3, 2, 1, 0]
[ 0  1  2  3  4  6  7  8  9 11 12 13 14 15] 			 [0, 11, 7, 12, 14, 9, 8, 13, 6, 4, 3, 2, 1, 0]
[ 0  1  2  3  4  6  7  8  9 11 12 13 14] 			 [0, 11, 7, 12, 14, 9, 8, 13, 6, 4, 3, 2, 1]



 Rule :  [55, 55, 55, 55]
[0, 1, 2, 3, 4, 5, 6, 7, 8, 9, 10, 11, 12, 13, 14, 15] 	 [15, 15, 15, 12, 15, 15, 9, 8, 15, 6, 15, 4, 3, 2, 1, 0]
[ 0  1  2  3  4  6  8  9 12 15] 			 [15, 15, 15, 12, 15, 9, 15, 6, 3, 0]
[ 0  3  6  9 12 15] 			 [15, 12, 9, 6, 3, 0]



 Rule :  [56, 56, 56, 56]
[0, 1, 2, 3, 4, 5, 6, 7, 8, 9, 10, 11, 12, 13, 14, 15] 	 [0, 8, 1, 10, 2, 10, 5, 12, 4, 5, 5, 6, 10, 3, 9, 0]
[ 0  1  2  3  4  5  6  8  9 10 12] 			 [0, 8, 1, 10, 2, 10, 5, 4, 5, 5, 10]
[ 0  1  2  4  5  8 10] 			 [0, 8, 1, 2, 10, 4, 5]



 Rule :  [57, 57, 57, 57]
[0, 1, 2, 3, 4, 5, 6, 7, 8, 9, 10, 11, 12, 13, 14, 15] 	 [15, 12, 9, 10, 3, 10, 5, 12, 6, 5, 5, 6, 10, 3, 9, 0]
[ 0  3  5  6  9 10 12 15] 			 [15, 10, 10, 5, 5, 5, 10, 0]
[ 0  5 10 15] 			 [15, 10, 5, 0]



 Rule :  [58, 58, 58, 58]
[0, 1, 2, 3, 4, 5, 6, 7, 8, 9, 10, 11, 12, 13, 14, 15] 	 [0, 10, 5, 14, 10, 10, 13, 12, 5, 7, 5, 6, 11, 3, 9, 0]
[ 0  3  5  6  7  9 10 11 12 13 14] 			 [0, 14, 10, 13, 12, 7, 5, 6, 11, 3, 9]



 Rule :  [59, 59, 59, 59]
[0, 1, 2, 3, 4, 5, 6, 7, 8, 9, 10, 11, 12, 13, 14, 15] 	 [15, 14, 13, 14, 11, 10, 13, 12, 7, 7, 5, 6, 11, 3, 9, 0]
[ 0  3  5  6  7  9 10 11 12 13 14 15] 			 [15, 14, 10, 13, 12, 7, 5, 6, 11, 3, 9, 0]



 Rule :  [60, 60, 60, 60]
[0, 1, 2, 3, 4, 5, 6, 7, 8, 9, 10, 11, 12, 13, 14, 15] 	 [0, 9, 3, 10, 6, 15, 5, 12, 12, 5, 15, 6, 10, 3, 9, 0]
[ 0  3  5  6  9 10 12 15] 			 [0, 10, 15, 5, 5, 15, 10, 0]
[ 0  5 10 15] 			 [0, 15, 15, 0]
[ 0 15] 			 [0, 0]
[0] 			 [0]



 Rule :  [61, 61, 61, 61]
[0, 1, 2, 3, 4, 5, 6, 7, 8, 9, 10, 11, 12, 13, 14, 15] 	 [15, 13, 11, 10, 7, 15, 5, 12, 14, 5, 15, 6, 10, 3, 9, 0]
[ 0  3  5  6  7  9 10 11 12 13 14 15] 			 [15, 10, 15, 5, 12, 5, 15, 6, 10, 3, 9, 0]
[ 0  3  5  6  9 10 12 15] 			 [15, 10, 15, 5, 5, 15, 10, 0]
[ 0  5 10 15] 			 [15, 15, 15, 0]
[ 0 15] 			 [15, 0]



 Rule :  [62, 62, 62, 62]
[0, 1, 2, 3, 4, 5, 6, 7, 8, 9, 10, 11, 12, 13, 14, 15] 	 [0, 11, 7, 14, 14, 15, 13, 12, 13, 7, 15, 6, 11, 3, 9, 0]
[ 0  3  6  7  9 11 12 13 14 15] 			 [0, 14, 13, 12, 7, 6, 11, 3, 9, 0]
[ 0  3  6  7  9 11 12 13 14] 			 [0, 14, 13, 12, 7, 6, 11, 3, 9]



 Rule :  [63, 63, 63, 63]
[0, 1, 2, 3, 4, 5, 6, 7, 8, 9, 10, 11, 12, 13, 14, 15] 	 [15, 15, 15, 14, 15, 15, 13, 12, 15, 7, 15, 6, 11, 3, 9, 0]
[ 0  3  6  7  9 11 12 13 14 15] 			 [15, 14, 13, 12, 7, 6, 11, 3, 9, 0]



 Rule :  [64, 64, 64, 64]
[0, 1, 2, 3, 4, 5, 6, 7, 8, 9, 10, 11, 12, 13, 14, 15] 	 [0, 0, 0, 1, 0, 0, 2, 1, 0, 8, 0, 8, 4, 4, 2, 0]
[0 1 2 4 8] 			 [0, 0, 0, 0, 0]
[0] 			 [0]



 Rule :  [65, 65, 65, 65]
[0, 1, 2, 3, 4, 5, 6, 7, 8, 9, 10, 11, 12, 13, 14, 15] 	 [15, 4, 8, 1, 1, 0, 2, 1, 2, 8, 0, 8, 4, 4, 2, 0]
[ 0  1  2  4  8 15] 			 [15, 4, 8, 1, 2, 0]



 Rule :  [66, 66, 66, 66]
[0, 1, 2, 3, 4, 5, 6, 7, 8, 9, 10, 11, 12, 13, 14, 15] 	 [0, 2, 4, 5, 8, 0, 10, 1, 1, 10, 0, 8, 5, 4, 2, 0]
[ 0  1  2  4  5  8 10] 			 [0, 2, 4, 8, 0, 1, 0]
[0 1 2 4 8] 			 [0, 2, 4, 8, 1]



 Rule :  [67, 67, 67, 67]
[0, 1, 2, 3, 4, 5, 6, 7, 8, 9, 10, 11, 12, 13, 14, 15] 	 [15, 6, 12, 5, 9, 0, 10, 1, 3, 10, 0, 8, 5, 4, 2, 0]
[ 0  1  2  3  4  5  6  8  9 10 12 15] 			 [15, 6, 12, 5, 9, 0, 10, 3, 10, 0, 5, 0]
[ 0  3  5  6  9 10 12 15] 			 [15, 5, 0, 10, 10, 0, 5, 0]
[ 0  5 10 15] 			 [15, 0, 0, 0]
[ 0 15] 			 [15, 0]



 Rule :  [68, 68, 68, 68]
[0, 1, 2, 3, 4, 5, 6, 7, 8, 9, 10, 11, 12, 13, 14, 15] 	 [0, 1, 2, 1, 4, 5, 2, 1, 8, 8, 10, 8, 4, 4, 2, 0]
[ 0  1  2  4  5  8 10] 			 [0, 1, 2, 4, 5, 8, 10]



 Rule :  [69, 69, 69, 69]
[0, 1, 2, 3, 4, 5, 6, 7, 8, 9, 10, 11, 12, 13, 14, 15] 	 [15, 5, 10, 1, 5, 5, 2, 1, 10, 8, 10, 8, 4, 4, 2, 0]
[ 0  1  2  4  5  8 10 15] 			 [15, 5, 10, 5, 5, 10, 10, 0]
[ 0  5 10 15] 			 [15, 5, 10, 0]



 Rule :  [70, 70, 70, 70]
[0, 1, 2, 3, 4, 5, 6, 7, 8, 9, 10, 11, 12, 13, 14, 15] 	 [0, 3, 6, 5, 12, 5, 10, 1, 9, 10, 10, 8, 5, 4, 2, 0]
[ 0  1  2  3  4  5  6  8  9 10 12] 			 [0, 3, 6, 5, 12, 5, 10, 9, 10, 10, 5]
[ 0  3  5  6  9 10 12] 			 [0, 5, 5, 10, 10, 10, 5]
[ 0  5 10] 			 [0, 5, 10]



 Rule :  [71, 71, 71, 71]
[0, 1, 2, 3, 4, 5, 6, 7, 8, 9, 10, 11, 12, 13, 14, 15] 	 [15, 7, 14, 5, 13, 5, 10, 1, 11, 10, 10, 8, 5, 4, 2, 0]
[ 0  1  2  4  5  7  8 10 11 13 14 15] 			 [15, 7, 14, 13, 5, 1, 11, 10, 8, 4, 2, 0]



 Rule :  [72, 72, 72, 72]
[0, 1, 2, 3, 4, 5, 6, 7, 8, 9, 10, 11, 12, 13, 14, 15] 	 [0, 0, 0, 3, 0, 0, 6, 5, 0, 9, 0, 10, 12, 5, 10, 0]
[ 0  3  5  6  9 10 12] 			 [0, 3, 0, 6, 9, 0, 12]
[ 0  3  6  9 12] 			 [0, 3, 6, 9, 12]



 Rule :  [73, 73, 73, 73]
[0, 1, 2, 3, 4, 5, 6, 7, 8, 9, 10, 11, 12, 13, 14, 15] 	 [15, 4, 8, 3, 1, 0, 6, 5, 2, 9, 0, 10, 12, 5, 10, 0]
[ 0  1  2  3  4  5  6  8  9 10 12 15] 			 [15, 4, 8, 3, 1, 0, 6, 2, 9, 0, 12, 0]
[ 0  1  2  3  4  6  8  9 12 15] 			 [15, 4, 8, 3, 1, 6, 2, 9, 12, 0]



 Rule :  [74, 74, 74, 74]
[0, 1, 2, 3, 4, 5, 6, 7, 8, 9, 10, 11, 12, 13, 14, 15] 	 [0, 2, 4, 7, 8, 0, 14, 5, 1, 11, 0, 10, 13, 5, 10, 0]
[ 0  1  2  4  5  7  8 10 11 13 14] 			 [0, 2, 4, 8, 0, 5, 1, 0, 10, 5, 10]
[ 0  1  2  4  5  8 10] 			 [0, 2, 4, 8, 0, 1, 0]
[0 1 2 4 8] 			 [0, 2, 4, 8, 1]



 Rule :  [75, 75, 75, 75]
[0, 1, 2, 3, 4, 5, 6, 7, 8, 9, 10, 11, 12, 13, 14, 15] 	 [15, 6, 12, 7, 9, 0, 14, 5, 3, 11, 0, 10, 13, 5, 10, 0]
[ 0  3  5  6  7  9 10 11 12 13 14 15] 			 [15, 7, 0, 14, 5, 11, 0, 10, 13, 5, 10, 0]
[ 0  5  7 10 11 13 14 15] 			 [15, 0, 5, 0, 10, 5, 10, 0]
[ 0  5 10 15] 			 [15, 0, 0, 0]
[ 0 15] 			 [15, 0]



 Rule :  [76, 76, 76, 76]
[0, 1, 2, 3, 4, 5, 6, 7, 8, 9, 10, 11, 12, 13, 14, 15] 	 [0, 1, 2, 3, 4, 5, 6, 5, 8, 9, 10, 10, 12, 5, 10, 0]
[ 0  1  2  3  4  5  6  8  9 10 12] 			 [0, 1, 2, 3, 4, 5, 6, 8, 9, 10, 12]



 Rule :  [77, 77, 77, 77]
[0, 1, 2, 3, 4, 5, 6, 7, 8, 9, 10, 11, 12, 13, 14, 15] 	 [15, 5, 10, 3, 5, 5, 6, 5, 10, 9, 10, 10, 12, 5, 10, 0]
[ 0  3  5  6  9 10 12 15] 			 [15, 3, 5, 6, 9, 10, 12, 0]



 Rule :  [78, 78, 78, 78]
[0, 1, 2, 3, 4, 5, 6, 7, 8, 9, 10, 11, 12, 13, 14, 15] 	 [0, 3, 6, 7, 12, 5, 14, 5, 9, 11, 10, 10, 13, 5, 10, 0]
[ 0  3  5  6  7  9 10 11 12 13 14] 			 [0, 7, 5, 14, 5, 11, 10, 10, 13, 5, 10]
[ 0  5  7 10 11 13 14] 			 [0, 5, 5, 10, 10, 5, 10]
[ 0  5 10] 			 [0, 5, 10]



 Rule :  [79, 79, 79, 79]
[0, 1, 2, 3, 4, 5, 6, 7, 8, 9, 10, 11, 12, 13, 14, 15] 	 [15, 7, 14, 7, 13, 5, 14, 5, 11, 11, 10, 10, 13, 5, 10, 0]
[ 0  5  7 10 11 13 14 15] 			 [15, 5, 5, 10, 10, 5, 10, 0]
[ 0  5 10 15] 			 [15, 5, 10, 0]



 Rule :  [80, 80, 80, 80]
[0, 1, 2, 3, 4, 5, 6, 7, 8, 9, 10, 11, 12, 13, 14, 15] 	 [0, 8, 1, 9, 2, 0, 3, 1, 4, 12, 0, 8, 6, 4, 2, 0]
[ 0  1  2  3  4  6  8  9 12] 			 [0, 8, 1, 9, 2, 3, 4, 12, 6]



 Rule :  [81, 81, 81, 81]
[0, 1, 2, 3, 4, 5, 6, 7, 8, 9, 10, 11, 12, 13, 14, 15] 	 [15, 12, 9, 9, 3, 0, 3, 1, 6, 12, 0, 8, 6, 4, 2, 0]
[ 0  1  2  3  4  6  8  9 12 15] 			 [15, 12, 9, 9, 3, 3, 6, 12, 6, 0]
[ 0  3  6  9 12 15] 			 [15, 9, 3, 12, 6, 0]



 Rule :  [82, 82, 82, 82]
[0, 1, 2, 3, 4, 5, 6, 7, 8, 9, 10, 11, 12, 13, 14, 15] 	 [0, 10, 5, 13, 10, 0, 11, 1, 5, 14, 0, 8, 7, 4, 2, 0]
[ 0  1  2  4  5  7  8 10 11 13 14] 			 [0, 10, 5, 10, 0, 1, 5, 0, 8, 4, 2]
[ 0  1  2  4  5  8 10] 			 [0, 10, 5, 10, 0, 5, 0]
[ 0  5 10] 			 [0, 0, 0]
[0] 			 [0]



 Rule :  [83, 83, 83, 83]
[0, 1, 2, 3, 4, 5, 6, 7, 8, 9, 10, 11, 12, 13, 14, 15] 	 [15, 14, 13, 13, 11, 0, 11, 1, 7, 14, 0, 8, 7, 4, 2, 0]
[ 0  1  2  4  7  8 11 13 14 15] 			 [15, 14, 13, 11, 1, 7, 8, 4, 2, 0]



 Rule :  [84, 84, 84, 84]
[0, 1, 2, 3, 4, 5, 6, 7, 8, 9, 10, 11, 12, 13, 14, 15] 	 [0, 9, 3, 9, 6, 5, 3, 1, 12, 12, 10, 8, 6, 4, 2, 0]
[ 0  1  2  3  4  5  6  8  9 10 12] 			 [0, 9, 3, 9, 6, 5, 3, 12, 12, 10, 6]
[ 0  3  5  6  9 10 12] 			 [0, 9, 5, 3, 12, 10, 6]



 Rule :  [85, 85, 85, 85]
[0, 1, 2, 3, 4, 5, 6, 7, 8, 9, 10, 11, 12, 13, 14, 15] 	 [15, 13, 11, 9, 7, 5, 3, 1, 14, 12, 10, 8, 6, 4, 2, 0]
[ 0  1  2  3  4  5  6  7  8  9 10 11 12 13 14 15] 			 [15, 13, 11, 9, 7, 5, 3, 1, 14, 12, 10, 8, 6, 4, 2, 0]



 Rule :  [86, 86, 86, 86]
[0, 1, 2, 3, 4, 5, 6, 7, 8, 9, 10, 11, 12, 13, 14, 15] 	 [0, 11, 7, 13, 14, 5, 11, 1, 13, 14, 10, 8, 7, 4, 2, 0]
[ 0  1  2  4  5  7  8 10 11 13 14] 			 [0, 11, 7, 14, 5, 1, 13, 10, 8, 4, 2]



 Rule :  [87, 87, 87, 87]
[0, 1, 2, 3, 4, 5, 6, 7, 8, 9, 10, 11, 12, 13, 14, 15] 	 [15, 15, 15, 13, 15, 5, 11, 1, 15, 14, 10, 8, 7, 4, 2, 0]
[ 0  1  2  4  5  7  8 10 11 13 14 15] 			 [15, 15, 15, 15, 5, 1, 15, 10, 8, 4, 2, 0]
[ 0  1  2  4  5  8 10 15] 			 [15, 15, 15, 15, 5, 15, 10, 0]
[ 0  5 10 15] 			 [15, 5, 10, 0]



 Rule :  [88, 88, 88, 88]
[0, 1, 2, 3, 4, 5, 6, 7, 8, 9, 10, 11, 12, 13, 14, 15] 	 [0, 8, 1, 11, 2, 0, 7, 5, 4, 13, 0, 10, 14, 5, 10, 0]
[ 0  1  2  4  5  7  8 10 11 13 14] 			 [0, 8, 1, 2, 0, 5, 4, 0, 10, 5, 10]
[ 0  1  2  4  5  8 10] 			 [0, 8, 1, 2, 0, 4, 0]
[0 1 2 4 8] 			 [0, 8, 1, 2, 4]



 Rule :  [89, 89, 89, 89]
[0, 1, 2, 3, 4, 5, 6, 7, 8, 9, 10, 11, 12, 13, 14, 15] 	 [15, 12, 9, 11, 3, 0, 7, 5, 6, 13, 0, 10, 14, 5, 10, 0]
[ 0  3  5  6  7  9 10 11 12 13 14 15] 			 [15, 11, 0, 7, 5, 13, 0, 10, 14, 5, 10, 0]
[ 0  5  7 10 11 13 14 15] 			 [15, 0, 5, 0, 10, 5, 10, 0]
[ 0  5 10 15] 			 [15, 0, 0, 0]
[ 0 15] 			 [15, 0]



 Rule :  [90, 90, 90, 90]
[0, 1, 2, 3, 4, 5, 6, 7, 8, 9, 10, 11, 12, 13, 14, 15] 	 [0, 10, 5, 15, 10, 0, 15, 5, 5, 15, 0, 10, 15, 5, 10, 0]
[ 0  5 10 15] 			 [0, 0, 0, 0]
[0] 			 [0]



 Rule :  [91, 91, 91, 91]
[0, 1, 2, 3, 4, 5, 6, 7, 8, 9, 10, 11, 12, 13, 14, 15] 	 [15, 14, 13, 15, 11, 0, 15, 5, 7, 15, 0, 10, 15, 5, 10, 0]
[ 0  5  7 10 11 13 14 15] 			 [15, 0, 5, 0, 10, 5, 10, 0]
[ 0  5 10 15] 			 [15, 0, 0, 0]
[ 0 15] 			 [15, 0]



 Rule :  [92, 92, 92, 92]
[0, 1, 2, 3, 4, 5, 6, 7, 8, 9, 10, 11, 12, 13, 14, 15] 	 [0, 9, 3, 11, 6, 5, 7, 5, 12, 13, 10, 10, 14, 5, 10, 0]
[ 0  3  5  6  7  9 10 11 12 13 14] 			 [0, 11, 5, 7, 5, 13, 10, 10, 14, 5, 10]
[ 0  5  7 10 11 13 14] 			 [0, 5, 5, 10, 10, 5, 10]
[ 0  5 10] 			 [0, 5, 10]



 Rule :  [93, 93, 93, 93]
[0, 1, 2, 3, 4, 5, 6, 7, 8, 9, 10, 11, 12, 13, 14, 15] 	 [15, 13, 11, 11, 7, 5, 7, 5, 14, 13, 10, 10, 14, 5, 10, 0]
[ 0  5  7 10 11 13 14 15] 			 [15, 5, 5, 10, 10, 5, 10, 0]
[ 0  5 10 15] 			 [15, 5, 10, 0]



 Rule :  [94, 94, 94, 94]
[0, 1, 2, 3, 4, 5, 6, 7, 8, 9, 10, 11, 12, 13, 14, 15] 	 [0, 11, 7, 15, 14, 5, 15, 5, 13, 15, 10, 10, 15, 5, 10, 0]
[ 0  5  7 10 11 13 14 15] 			 [0, 5, 5, 10, 10, 5, 10, 0]
[ 0  5 10] 			 [0, 5, 10]



 Rule :  [95, 95, 95, 95]
[0, 1, 2, 3, 4, 5, 6, 7, 8, 9, 10, 11, 12, 13, 14, 15] 	 [15, 15, 15, 15, 15, 5, 15, 5, 15, 15, 10, 10, 15, 5, 10, 0]
[ 0  5 10 15] 			 [15, 5, 10, 0]



 Rule :  [96, 96, 96, 96]
[0, 1, 2, 3, 4, 5, 6, 7, 8, 9, 10, 11, 12, 13, 14, 15] 	 [0, 0, 0, 1, 0, 10, 2, 9, 0, 8, 5, 12, 4, 6, 3, 0]
[ 0  1  2  3  4  5  6  8  9 10 12] 			 [0, 0, 0, 1, 0, 10, 2, 0, 8, 5, 4]
[ 0  1  2  4  5  8 10] 			 [0, 0, 0, 0, 10, 0, 5]
[ 0  5 10] 			 [0, 10, 5]



 Rule :  [97, 97, 97, 97]
[0, 1, 2, 3, 4, 5, 6, 7, 8, 9, 10, 11, 12, 13, 14, 15] 	 [15, 4, 8, 1, 1, 10, 2, 9, 2, 8, 5, 12, 4, 6, 3, 0]
[ 0  1  2  3  4  5  6  8  9 10 12 15] 			 [15, 4, 8, 1, 1, 10, 2, 2, 8, 5, 4, 0]
[ 0  1  2  4  5  8 10 15] 			 [15, 4, 8, 1, 10, 2, 5, 0]



 Rule :  [98, 98, 98, 98]
[0, 1, 2, 3, 4, 5, 6, 7, 8, 9, 10, 11, 12, 13, 14, 15] 	 [0, 2, 4, 5, 8, 10, 10, 9, 1, 10, 5, 12, 5, 6, 3, 0]
[ 0  1  2  3  4  5  6  8  9 10 12] 			 [0, 2, 4, 5, 8, 10, 10, 1, 10, 5, 5]
[ 0  1  2  4  5  8 10] 			 [0, 2, 4, 8, 10, 1, 5]



 Rule :  [99, 99, 99, 99]
[0, 1, 2, 3, 4, 5, 6, 7, 8, 9, 10, 11, 12, 13, 14, 15] 	 [15, 6, 12, 5, 9, 10, 10, 9, 3, 10, 5, 12, 5, 6, 3, 0]
[ 0  3  5  6  9 10 12 15] 			 [15, 5, 10, 10, 10, 5, 5, 0]
[ 0  5 10 15] 			 [15, 10, 5, 0]



 Rule :  [100, 100, 100, 100]
[0, 1, 2, 3, 4, 5, 6, 7, 8, 9, 10, 11, 12, 13, 14, 15] 	 [0, 1, 2, 1, 4, 15, 2, 9, 8, 8, 15, 12, 4, 6, 3, 0]
[ 0  1  2  3  4  6  8  9 12 15] 			 [0, 1, 2, 1, 4, 2, 8, 8, 4, 0]
[0 1 2 4 8] 			 [0, 1, 2, 4, 8]



 Rule :  [101, 101, 101, 101]
[0, 1, 2, 3, 4, 5, 6, 7, 8, 9, 10, 11, 12, 13, 14, 15] 	 [15, 5, 10, 1, 5, 15, 2, 9, 10, 8, 15, 12, 4, 6, 3, 0]
[ 0  1  2  3  4  5  6  8  9 10 12 15] 			 [15, 5, 10, 1, 5, 15, 2, 10, 8, 15, 4, 0]
[ 0  1  2  4  5  8 10 15] 			 [15, 5, 10, 5, 15, 10, 15, 0]
[ 0  5 10 15] 			 [15, 15, 15, 0]
[ 0 15] 			 [15, 0]



 Rule :  [102, 102, 102, 102]
[0, 1, 2, 3, 4, 5, 6, 7, 8, 9, 10, 11, 12, 13, 14, 15] 	 [0, 3, 6, 5, 12, 15, 10, 9, 9, 10, 15, 12, 5, 6, 3, 0]
[ 0  3  5  6  9 10 12 15] 			 [0, 5, 15, 10, 10, 15, 5, 0]
[ 0  5 10 15] 			 [0, 15, 15, 0]
[ 0 15] 			 [0, 0]
[0] 			 [0]



 Rule :  [103, 103, 103, 103]
[0, 1, 2, 3, 4, 5, 6, 7, 8, 9, 10, 11, 12, 13, 14, 15] 	 [15, 7, 14, 5, 13, 15, 10, 9, 11, 10, 15, 12, 5, 6, 3, 0]
[ 0  3  5  6  7  9 10 11 12 13 14 15] 			 [15, 5, 15, 10, 9, 10, 15, 12, 5, 6, 3, 0]
[ 0  3  5  6  9 10 12 15] 			 [15, 5, 15, 10, 10, 15, 5, 0]
[ 0  5 10 15] 			 [15, 15, 15, 0]
[ 0 15] 			 [15, 0]



 Rule :  [104, 104, 104, 104]
[0, 1, 2, 3, 4, 5, 6, 7, 8, 9, 10, 11, 12, 13, 14, 15] 	 [0, 0, 0, 3, 0, 10, 6, 13, 0, 9, 5, 14, 12, 7, 11, 0]
[ 0  3  5  6  7  9 10 11 12 13 14] 			 [0, 3, 10, 6, 13, 9, 5, 14, 12, 7, 11]



 Rule :  [105, 105, 105, 105]
[0, 1, 2, 3, 4, 5, 6, 7, 8, 9, 10, 11, 12, 13, 14, 15] 	 [15, 4, 8, 3, 1, 10, 6, 13, 2, 9, 5, 14, 12, 7, 11, 0]
[ 0  1  2  3  4  5  6  7  8  9 10 11 12 13 14 15] 			 [15, 4, 8, 3, 1, 10, 6, 13, 2, 9, 5, 14, 12, 7, 11, 0]



 Rule :  [106, 106, 106, 106]
[0, 1, 2, 3, 4, 5, 6, 7, 8, 9, 10, 11, 12, 13, 14, 15] 	 [0, 2, 4, 7, 8, 10, 14, 13, 1, 11, 5, 14, 13, 7, 11, 0]
[ 0  1  2  4  5  7  8 10 11 13 14] 			 [0, 2, 4, 8, 10, 13, 1, 5, 14, 7, 11]



 Rule :  [107, 107, 107, 107]
[0, 1, 2, 3, 4, 5, 6, 7, 8, 9, 10, 11, 12, 13, 14, 15] 	 [15, 6, 12, 7, 9, 10, 14, 13, 3, 11, 5, 14, 13, 7, 11, 0]
[ 0  3  5  6  7  9 10 11 12 13 14 15] 			 [15, 7, 10, 14, 13, 11, 5, 14, 13, 7, 11, 0]
[ 0  5  7 10 11 13 14 15] 			 [15, 10, 13, 5, 14, 7, 11, 0]



 Rule :  [108, 108, 108, 108]
[0, 1, 2, 3, 4, 5, 6, 7, 8, 9, 10, 11, 12, 13, 14, 15] 	 [0, 1, 2, 3, 4, 15, 6, 13, 8, 9, 15, 14, 12, 7, 11, 0]
[ 0  1  2  3  4  6  7  8  9 11 12 13 14 15] 			 [0, 1, 2, 3, 4, 6, 13, 8, 9, 14, 12, 7, 11, 0]
[ 0  1  2  3  4  6  7  8  9 11 12 13 14] 			 [0, 1, 2, 3, 4, 6, 13, 8, 9, 14, 12, 7, 11]



 Rule :  [109, 109, 109, 109]
[0, 1, 2, 3, 4, 5, 6, 7, 8, 9, 10, 11, 12, 13, 14, 15] 	 [15, 5, 10, 3, 5, 15, 6, 13, 10, 9, 15, 14, 12, 7, 11, 0]
[ 0  3  5  6  7  9 10 11 12 13 14 15] 			 [15, 3, 15, 6, 13, 9, 15, 14, 12, 7, 11, 0]
[ 0  3  6  7  9 11 12 13 14 15] 			 [15, 3, 6, 13, 9, 14, 12, 7, 11, 0]



 Rule :  [110, 110, 110, 110]
[0, 1, 2, 3, 4, 5, 6, 7, 8, 9, 10, 11, 12, 13, 14, 15] 	 [0, 3, 6, 7, 12, 15, 14, 13, 9, 11, 15, 14, 13, 7, 11, 0]
[ 0  3  6  7  9 11 12 13 14 15] 			 [0, 7, 14, 13, 11, 14, 13, 7, 11, 0]
[ 0  7 11 13 14] 			 [0, 13, 14, 7, 11]



 Rule :  [111, 111, 111, 111]
[0, 1, 2, 3, 4, 5, 6, 7, 8, 9, 10, 11, 12, 13, 14, 15] 	 [15, 7, 14, 7, 13, 15, 14, 13, 11, 11, 15, 14, 13, 7, 11, 0]
[ 0  7 11 13 14 15] 			 [15, 13, 14, 7, 11, 0]



 Rule :  [112, 112, 112, 112]
[0, 1, 2, 3, 4, 5, 6, 7, 8, 9, 10, 11, 12, 13, 14, 15] 	 [0, 8, 1, 9, 2, 10, 3, 9, 4, 12, 5, 12, 6, 6, 3, 0]
[ 0  1  2  3  4  5  6  8  9 10 12] 			 [0, 8, 1, 9, 2, 10, 3, 4, 12, 5, 6]



 Rule :  [113, 113, 113, 113]
[0, 1, 2, 3, 4, 5, 6, 7, 8, 9, 10, 11, 12, 13, 14, 15] 	 [15, 12, 9, 9, 3, 10, 3, 9, 6, 12, 5, 12, 6, 6, 3, 0]
[ 0  3  5  6  9 10 12 15] 			 [15, 9, 10, 3, 12, 5, 6, 0]



 Rule :  [114, 114, 114, 114]
[0, 1, 2, 3, 4, 5, 6, 7, 8, 9, 10, 11, 12, 13, 14, 15] 	 [0, 10, 5, 13, 10, 10, 11, 9, 5, 14, 5, 12, 7, 6, 3, 0]
[ 0  3  5  6  7  9 10 11 12 13 14] 			 [0, 13, 10, 11, 9, 14, 5, 12, 7, 6, 3]



 Rule :  [115, 115, 115, 115]
[0, 1, 2, 3, 4, 5, 6, 7, 8, 9, 10, 11, 12, 13, 14, 15] 	 [15, 14, 13, 13, 11, 10, 11, 9, 7, 14, 5, 12, 7, 6, 3, 0]
[ 0  3  5  6  7  9 10 11 12 13 14 15] 			 [15, 13, 10, 11, 9, 14, 5, 12, 7, 6, 3, 0]



 Rule :  [116, 116, 116, 116]
[0, 1, 2, 3, 4, 5, 6, 7, 8, 9, 10, 11, 12, 13, 14, 15] 	 [0, 9, 3, 9, 6, 15, 3, 9, 12, 12, 15, 12, 6, 6, 3, 0]
[ 0  3  6  9 12 15] 			 [0, 9, 3, 12, 6, 0]
[ 0  3  6  9 12] 			 [0, 9, 3, 12, 6]



 Rule :  [117, 117, 117, 117]
[0, 1, 2, 3, 4, 5, 6, 7, 8, 9, 10, 11, 12, 13, 14, 15] 	 [15, 13, 11, 9, 7, 15, 3, 9, 14, 12, 15, 12, 6, 6, 3, 0]
[ 0  3  6  7  9 11 12 13 14 15] 			 [15, 9, 3, 9, 12, 12, 6, 6, 3, 0]
[ 0  3  6  9 12 15] 			 [15, 9, 3, 12, 6, 0]



 Rule :  [118, 118, 118, 118]
[0, 1, 2, 3, 4, 5, 6, 7, 8, 9, 10, 11, 12, 13, 14, 15] 	 [0, 11, 7, 13, 14, 15, 11, 9, 13, 14, 15, 12, 7, 6, 3, 0]
[ 0  3  6  7  9 11 12 13 14 15] 			 [0, 13, 11, 9, 14, 12, 7, 6, 3, 0]
[ 0  3  6  7  9 11 12 13 14] 			 [0, 13, 11, 9, 14, 12, 7, 6, 3]



 Rule :  [119, 119, 119, 119]
[0, 1, 2, 3, 4, 5, 6, 7, 8, 9, 10, 11, 12, 13, 14, 15] 	 [15, 15, 15, 13, 15, 15, 11, 9, 15, 14, 15, 12, 7, 6, 3, 0]
[ 0  3  6  7  9 11 12 13 14 15] 			 [15, 13, 11, 9, 14, 12, 7, 6, 3, 0]



 Rule :  [120, 120, 120, 120]
[0, 1, 2, 3, 4, 5, 6, 7, 8, 9, 10, 11, 12, 13, 14, 15] 	 [0, 8, 1, 11, 2, 10, 7, 13, 4, 13, 5, 14, 14, 7, 11, 0]
[ 0  1  2  4  5  7  8 10 11 13 14] 			 [0, 8, 1, 2, 10, 13, 4, 5, 14, 7, 11]



 Rule :  [121, 121, 121, 121]
[0, 1, 2, 3, 4, 5, 6, 7, 8, 9, 10, 11, 12, 13, 14, 15] 	 [15, 12, 9, 11, 3, 10, 7, 13, 6, 13, 5, 14, 14, 7, 11, 0]
[ 0  3  5  6  7  9 10 11 12 13 14 15] 			 [15, 11, 10, 7, 13, 13, 5, 14, 14, 7, 11, 0]
[ 0  5  7 10 11 13 14 15] 			 [15, 10, 13, 5, 14, 7, 11, 0]



 Rule :  [122, 122, 122, 122]
[0, 1, 2, 3, 4, 5, 6, 7, 8, 9, 10, 11, 12, 13, 14, 15] 	 [0, 10, 5, 15, 10, 10, 15, 13, 5, 15, 5, 14, 15, 7, 11, 0]
[ 0  5  7 10 11 13 14 15] 			 [0, 10, 13, 5, 14, 7, 11, 0]
[ 0  5  7 10 11 13 14] 			 [0, 10, 13, 5, 14, 7, 11]



 Rule :  [123, 123, 123, 123]
[0, 1, 2, 3, 4, 5, 6, 7, 8, 9, 10, 11, 12, 13, 14, 15] 	 [15, 14, 13, 15, 11, 10, 15, 13, 7, 15, 5, 14, 15, 7, 11, 0]
[ 0  5  7 10 11 13 14 15] 			 [15, 10, 13, 5, 14, 7, 11, 0]



 Rule :  [124, 124, 124, 124]
[0, 1, 2, 3, 4, 5, 6, 7, 8, 9, 10, 11, 12, 13, 14, 15] 	 [0, 9, 3, 11, 6, 15, 7, 13, 12, 13, 15, 14, 14, 7, 11, 0]
[ 0  3  6  7  9 11 12 13 14 15] 			 [0, 11, 7, 13, 13, 14, 14, 7, 11, 0]
[ 0  7 11 13 14] 			 [0, 13, 14, 7, 11]



 Rule :  [125, 125, 125, 125]
[0, 1, 2, 3, 4, 5, 6, 7, 8, 9, 10, 11, 12, 13, 14, 15] 	 [15, 13, 11, 11, 7, 15, 7, 13, 14, 13, 15, 14, 14, 7, 11, 0]
[ 0  7 11 13 14 15] 			 [15, 13, 14, 7, 11, 0]



 Rule :  [126, 126, 126, 126]
[0, 1, 2, 3, 4, 5, 6, 7, 8, 9, 10, 11, 12, 13, 14, 15] 	 [0, 11, 7, 15, 14, 15, 15, 13, 13, 15, 15, 14, 15, 7, 11, 0]
[ 0  7 11 13 14 15] 			 [0, 13, 14, 7, 11, 0]
[ 0  7 11 13 14] 			 [0, 13, 14, 7, 11]



 Rule :  [127, 127, 127, 127]
[0, 1, 2, 3, 4, 5, 6, 7, 8, 9, 10, 11, 12, 13, 14, 15] 	 [15, 15, 15, 15, 15, 15, 15, 13, 15, 15, 15, 14, 15, 7, 11, 0]
[ 0  7 11 13 14 15] 			 [15, 13, 14, 7, 11, 0]



 Rule :  [128, 128, 128, 128]
[0, 1, 2, 3, 4, 5, 6, 7, 8, 9, 10, 11, 12, 13, 14, 15] 	 [0, 0, 0, 0, 0, 0, 0, 2, 0, 0, 0, 1, 0, 8, 4, 15]
[ 0  1  2  4  8 15] 			 [0, 0, 0, 0, 0, 15]
[ 0 15] 			 [0, 15]



 Rule :  [129, 129, 129, 129]
[0, 1, 2, 3, 4, 5, 6, 7, 8, 9, 10, 11, 12, 13, 14, 15] 	 [15, 4, 8, 0, 1, 0, 0, 2, 2, 0, 0, 1, 0, 8, 4, 15]
[ 0  1  2  4  8 15] 			 [15, 4, 8, 1, 2, 15]
[ 1  2  4  8 15] 			 [4, 8, 1, 2, 15]



 Rule :  [130, 130, 130, 130]
[0, 1, 2, 3, 4, 5, 6, 7, 8, 9, 10, 11, 12, 13, 14, 15] 	 [0, 2, 4, 4, 8, 0, 8, 2, 1, 2, 0, 1, 1, 8, 4, 15]
[ 0  1  2  4  8 15] 			 [0, 2, 4, 8, 1, 15]



 Rule :  [131, 131, 131, 131]
[0, 1, 2, 3, 4, 5, 6, 7, 8, 9, 10, 11, 12, 13, 14, 15] 	 [15, 6, 12, 4, 9, 0, 8, 2, 3, 2, 0, 1, 1, 8, 4, 15]
[ 0  1  2  3  4  6  8  9 12 15] 			 [15, 6, 12, 4, 9, 8, 3, 2, 1, 15]
[ 1  2  3  4  6  8  9 12 15] 			 [6, 12, 4, 9, 8, 3, 2, 1, 15]



 Rule :  [132, 132, 132, 132]
[0, 1, 2, 3, 4, 5, 6, 7, 8, 9, 10, 11, 12, 13, 14, 15] 	 [0, 1, 2, 0, 4, 5, 0, 2, 8, 0, 10, 1, 0, 8, 4, 15]
[ 0  1  2  4  5  8 10 15] 			 [0, 1, 2, 4, 5, 8, 10, 15]



 Rule :  [133, 133, 133, 133]
[0, 1, 2, 3, 4, 5, 6, 7, 8, 9, 10, 11, 12, 13, 14, 15] 	 [15, 5, 10, 0, 5, 5, 0, 2, 10, 0, 10, 1, 0, 8, 4, 15]
[ 0  1  2  4  5  8 10 15] 			 [15, 5, 10, 5, 5, 10, 10, 15]
[ 5 10 15] 			 [5, 10, 15]



 Rule :  [134, 134, 134, 134]
[0, 1, 2, 3, 4, 5, 6, 7, 8, 9, 10, 11, 12, 13, 14, 15] 	 [0, 3, 6, 4, 12, 5, 8, 2, 9, 2, 10, 1, 1, 8, 4, 15]
[ 0  1  2  3  4  5  6  8  9 10 12 15] 			 [0, 3, 6, 4, 12, 5, 8, 9, 2, 10, 1, 15]



 Rule :  [135, 135, 135, 135]
[0, 1, 2, 3, 4, 5, 6, 7, 8, 9, 10, 11, 12, 13, 14, 15] 	 [15, 7, 14, 4, 13, 5, 8, 2, 11, 2, 10, 1, 1, 8, 4, 15]
[ 1  2  4  5  7  8 10 11 13 14 15] 			 [7, 14, 13, 5, 2, 11, 10, 1, 8, 4, 15]



 Rule :  [136, 136, 136, 136]
[0, 1, 2, 3, 4, 5, 6, 7, 8, 9, 10, 11, 12, 13, 14, 15] 	 [0, 0, 0, 2, 0, 0, 4, 6, 0, 1, 0, 3, 8, 9, 12, 15]
[ 0  1  2  3  4  6  8  9 12 15] 			 [0, 0, 0, 2, 0, 4, 0, 1, 8, 15]
[ 0  1  2  4  8 15] 			 [0, 0, 0, 0, 0, 15]
[ 0 15] 			 [0, 15]



 Rule :  [137, 137, 137, 137]
[0, 1, 2, 3, 4, 5, 6, 7, 8, 9, 10, 11, 12, 13, 14, 15] 	 [15, 4, 8, 2, 1, 0, 4, 6, 2, 1, 0, 3, 8, 9, 12, 15]
[ 0  1  2  3  4  6  8  9 12 15] 			 [15, 4, 8, 2, 1, 4, 2, 1, 8, 15]
[ 1  2  4  8 15] 			 [4, 8, 1, 2, 15]



 Rule :  [138, 138, 138, 138]
[0, 1, 2, 3, 4, 5, 6, 7, 8, 9, 10, 11, 12, 13, 14, 15] 	 [0, 2, 4, 6, 8, 0, 12, 6, 1, 3, 0, 3, 9, 9, 12, 15]
[ 0  1  2  3  4  6  8  9 12 15] 			 [0, 2, 4, 6, 8, 12, 1, 3, 9, 15]



 Rule :  [139, 139, 139, 139]
[0, 1, 2, 3, 4, 5, 6, 7, 8, 9, 10, 11, 12, 13, 14, 15] 	 [15, 6, 12, 6, 9, 0, 12, 6, 3, 3, 0, 3, 9, 9, 12, 15]
[ 0  3  6  9 12 15] 			 [15, 6, 12, 3, 9, 15]
[ 3  6  9 12 15] 			 [6, 12, 3, 9, 15]



 Rule :  [140, 140, 140, 140]
[0, 1, 2, 3, 4, 5, 6, 7, 8, 9, 10, 11, 12, 13, 14, 15] 	 [0, 1, 2, 2, 4, 5, 4, 6, 8, 1, 10, 3, 8, 9, 12, 15]
[ 0  1  2  3  4  5  6  8  9 10 12 15] 			 [0, 1, 2, 2, 4, 5, 4, 8, 1, 10, 8, 15]
[ 0  1  2  4  5  8 10 15] 			 [0, 1, 2, 4, 5, 8, 10, 15]



 Rule :  [141, 141, 141, 141]
[0, 1, 2, 3, 4, 5, 6, 7, 8, 9, 10, 11, 12, 13, 14, 15] 	 [15, 5, 10, 2, 5, 5, 4, 6, 10, 1, 10, 3, 8, 9, 12, 15]
[ 1  2  3  4  5  6  8  9 10 12 15] 			 [5, 10, 2, 5, 5, 4, 10, 1, 10, 8, 15]
[ 1  2  4  5  8 10 15] 			 [5, 10, 5, 5, 10, 10, 15]
[ 5 10 15] 			 [5, 10, 15]



 Rule :  [142, 142, 142, 142]
[0, 1, 2, 3, 4, 5, 6, 7, 8, 9, 10, 11, 12, 13, 14, 15] 	 [0, 3, 6, 6, 12, 5, 12, 6, 9, 3, 10, 3, 9, 9, 12, 15]
[ 0  3  5  6  9 10 12 15] 			 [0, 6, 5, 12, 3, 10, 9, 15]



 Rule :  [143, 143, 143, 143]
[0, 1, 2, 3, 4, 5, 6, 7, 8, 9, 10, 11, 12, 13, 14, 15] 	 [15, 7, 14, 6, 13, 5, 12, 6, 11, 3, 10, 3, 9, 9, 12, 15]
[ 3  5  6  7  9 10 11 12 13 14 15] 			 [6, 5, 12, 6, 3, 10, 3, 9, 9, 12, 15]
[ 3  5  6  9 10 12 15] 			 [6, 5, 12, 3, 10, 9, 15]



 Rule :  [144, 144, 144, 144]
[0, 1, 2, 3, 4, 5, 6, 7, 8, 9, 10, 11, 12, 13, 14, 15] 	 [0, 8, 1, 8, 2, 0, 1, 2, 4, 4, 0, 1, 2, 8, 4, 15]
[ 0  1  2  4  8 15] 			 [0, 8, 1, 2, 4, 15]



 Rule :  [145, 145, 145, 145]
[0, 1, 2, 3, 4, 5, 6, 7, 8, 9, 10, 11, 12, 13, 14, 15] 	 [15, 12, 9, 8, 3, 0, 1, 2, 6, 4, 0, 1, 2, 8, 4, 15]
[ 0  1  2  3  4  6  8  9 12 15] 			 [15, 12, 9, 8, 3, 1, 6, 4, 2, 15]
[ 1  2  3  4  6  8  9 12 15] 			 [12, 9, 8, 3, 1, 6, 4, 2, 15]



 Rule :  [146, 146, 146, 146]
[0, 1, 2, 3, 4, 5, 6, 7, 8, 9, 10, 11, 12, 13, 14, 15] 	 [0, 10, 5, 12, 10, 0, 9, 2, 5, 6, 0, 1, 3, 8, 4, 15]
[ 0  1  2  3  4  5  6  8  9 10 12 15] 			 [0, 10, 5, 12, 10, 0, 9, 5, 6, 0, 3, 15]
[ 0  3  5  6  9 10 12 15] 			 [0, 12, 0, 9, 6, 0, 3, 15]
[ 0  3  6  9 12 15] 			 [0, 12, 9, 6, 3, 15]



 Rule :  [147, 147, 147, 147]
[0, 1, 2, 3, 4, 5, 6, 7, 8, 9, 10, 11, 12, 13, 14, 15] 	 [15, 14, 13, 12, 11, 0, 9, 2, 7, 6, 0, 1, 3, 8, 4, 15]
[ 0  1  2  3  4  6  7  8  9 11 12 13 14 15] 			 [15, 14, 13, 12, 11, 9, 2, 7, 6, 1, 3, 8, 4, 15]
[ 1  2  3  4  6  7  8  9 11 12 13 14 15] 			 [14, 13, 12, 11, 9, 2, 7, 6, 1, 3, 8, 4, 15]



 Rule :  [148, 148, 148, 148]
[0, 1, 2, 3, 4, 5, 6, 7, 8, 9, 10, 11, 12, 13, 14, 15] 	 [0, 9, 3, 8, 6, 5, 1, 2, 12, 4, 10, 1, 2, 8, 4, 15]
[ 0  1  2  3  4  5  6  8  9 10 12 15] 			 [0, 9, 3, 8, 6, 5, 1, 12, 4, 10, 2, 15]



 Rule :  [149, 149, 149, 149]
[0, 1, 2, 3, 4, 5, 6, 7, 8, 9, 10, 11, 12, 13, 14, 15] 	 [15, 13, 11, 8, 7, 5, 1, 2, 14, 4, 10, 1, 2, 8, 4, 15]
[ 1  2  4  5  7  8 10 11 13 14 15] 			 [13, 11, 7, 5, 2, 14, 10, 1, 8, 4, 15]



 Rule :  [150, 150, 150, 150]
[0, 1, 2, 3, 4, 5, 6, 7, 8, 9, 10, 11, 12, 13, 14, 15] 	 [0, 11, 7, 12, 14, 5, 9, 2, 13, 6, 10, 1, 3, 8, 4, 15]
[ 0  1  2  3  4  5  6  7  8  9 10 11 12 13 14 15] 			 [0, 11, 7, 12, 14, 5, 9, 2, 13, 6, 10, 1, 3, 8, 4, 15]



 Rule :  [151, 151, 151, 151]
[0, 1, 2, 3, 4, 5, 6, 7, 8, 9, 10, 11, 12, 13, 14, 15] 	 [15, 15, 15, 12, 15, 5, 9, 2, 15, 6, 10, 1, 3, 8, 4, 15]
[ 1  2  3  4  5  6  8  9 10 12 15] 			 [15, 15, 12, 15, 5, 9, 15, 6, 10, 3, 15]
[ 3  5  6  9 10 12 15] 			 [12, 5, 9, 6, 10, 3, 15]



 Rule :  [152, 152, 152, 152]
[0, 1, 2, 3, 4, 5, 6, 7, 8, 9, 10, 11, 12, 13, 14, 15] 	 [0, 8, 1, 10, 2, 0, 5, 6, 4, 5, 0, 3, 10, 9, 12, 15]
[ 0  1  2  3  4  5  6  8  9 10 12 15] 			 [0, 8, 1, 10, 2, 0, 5, 4, 5, 0, 10, 15]
[ 0  1  2  4  5  8 10 15] 			 [0, 8, 1, 2, 0, 4, 0, 15]
[ 0  1  2  4  8 15] 			 [0, 8, 1, 2, 4, 15]



 Rule :  [153, 153, 153, 153]
[0, 1, 2, 3, 4, 5, 6, 7, 8, 9, 10, 11, 12, 13, 14, 15] 	 [15, 12, 9, 10, 3, 0, 5, 6, 6, 5, 0, 3, 10, 9, 12, 15]
[ 0  3  5  6  9 10 12 15] 			 [15, 10, 0, 5, 5, 0, 10, 15]
[ 0  5 10 15] 			 [15, 0, 0, 15]
[ 0 15] 			 [15, 15]
[15] 			 [15]



 Rule :  [154, 154, 154, 154]
[0, 1, 2, 3, 4, 5, 6, 7, 8, 9, 10, 11, 12, 13, 14, 15] 	 [0, 10, 5, 14, 10, 0, 13, 6, 5, 7, 0, 3, 11, 9, 12, 15]
[ 0  3  5  6  7  9 10 11 12 13 14 15] 			 [0, 14, 0, 13, 6, 7, 0, 3, 11, 9, 12, 15]
[ 0  3  6  7  9 11 12 13 14 15] 			 [0, 14, 13, 6, 7, 3, 11, 9, 12, 15]



 Rule :  [155, 155, 155, 155]
[0, 1, 2, 3, 4, 5, 6, 7, 8, 9, 10, 11, 12, 13, 14, 15] 	 [15, 14, 13, 14, 11, 0, 13, 6, 7, 7, 0, 3, 11, 9, 12, 15]
[ 0  3  6  7  9 11 12 13 14 15] 			 [15, 14, 13, 6, 7, 3, 11, 9, 12, 15]
[ 3  6  7  9 11 12 13 14 15] 			 [14, 13, 6, 7, 3, 11, 9, 12, 15]



 Rule :  [156, 156, 156, 156]
[0, 1, 2, 3, 4, 5, 6, 7, 8, 9, 10, 11, 12, 13, 14, 15] 	 [0, 9, 3, 10, 6, 5, 5, 6, 12, 5, 10, 3, 10, 9, 12, 15]
[ 0  3  5  6  9 10 12 15] 			 [0, 10, 5, 5, 5, 10, 10, 15]
[ 0  5 10 15] 			 [0, 5, 10, 15]



 Rule :  [157, 157, 157, 157]
[0, 1, 2, 3, 4, 5, 6, 7, 8, 9, 10, 11, 12, 13, 14, 15] 	 [15, 13, 11, 10, 7, 5, 5, 6, 14, 5, 10, 3, 10, 9, 12, 15]
[ 3  5  6  7  9 10 11 12 13 14 15] 			 [10, 5, 5, 6, 5, 10, 3, 10, 9, 12, 15]
[ 3  5  6  9 10 12 15] 			 [10, 5, 5, 5, 10, 10, 15]
[ 5 10 15] 			 [5, 10, 15]



 Rule :  [158, 158, 158, 158]
[0, 1, 2, 3, 4, 5, 6, 7, 8, 9, 10, 11, 12, 13, 14, 15] 	 [0, 11, 7, 14, 14, 5, 13, 6, 13, 7, 10, 3, 11, 9, 12, 15]
[ 0  3  5  6  7  9 10 11 12 13 14 15] 			 [0, 14, 5, 13, 6, 7, 10, 3, 11, 9, 12, 15]



 Rule :  [159, 159, 159, 159]
[0, 1, 2, 3, 4, 5, 6, 7, 8, 9, 10, 11, 12, 13, 14, 15] 	 [15, 15, 15, 14, 15, 5, 13, 6, 15, 7, 10, 3, 11, 9, 12, 15]
[ 3  5  6  7  9 10 11 12 13 14 15] 			 [14, 5, 13, 6, 7, 10, 3, 11, 9, 12, 15]



 Rule :  [160, 160, 160, 160]
[0, 1, 2, 3, 4, 5, 6, 7, 8, 9, 10, 11, 12, 13, 14, 15] 	 [0, 0, 0, 0, 0, 10, 0, 10, 0, 0, 5, 5, 0, 10, 5, 15]
[ 0  5 10 15] 			 [0, 10, 5, 15]



 Rule :  [161, 161, 161, 161]
[0, 1, 2, 3, 4, 5, 6, 7, 8, 9, 10, 11, 12, 13, 14, 15] 	 [15, 4, 8, 0, 1, 10, 0, 10, 2, 0, 5, 5, 0, 10, 5, 15]
[ 0  1  2  4  5  8 10 15] 			 [15, 4, 8, 1, 10, 2, 5, 15]
[ 1  2  4  5  8 10 15] 			 [4, 8, 1, 10, 2, 5, 15]



 Rule :  [162, 162, 162, 162]
[0, 1, 2, 3, 4, 5, 6, 7, 8, 9, 10, 11, 12, 13, 14, 15] 	 [0, 2, 4, 4, 8, 10, 8, 10, 1, 2, 5, 5, 1, 10, 5, 15]
[ 0  1  2  4  5  8 10 15] 			 [0, 2, 4, 8, 10, 1, 5, 15]



 Rule :  [163, 163, 163, 163]
[0, 1, 2, 3, 4, 5, 6, 7, 8, 9, 10, 11, 12, 13, 14, 15] 	 [15, 6, 12, 4, 9, 10, 8, 10, 3, 2, 5, 5, 1, 10, 5, 15]
[ 1  2  3  4  5  6  8  9 10 12 15] 			 [6, 12, 4, 9, 10, 8, 3, 2, 5, 1, 15]



 Rule :  [164, 164, 164, 164]
[0, 1, 2, 3, 4, 5, 6, 7, 8, 9, 10, 11, 12, 13, 14, 15] 	 [0, 1, 2, 0, 4, 15, 0, 10, 8, 0, 15, 5, 0, 10, 5, 15]
[ 0  1  2  4  5  8 10 15] 			 [0, 1, 2, 4, 15, 8, 15, 15]
[ 0  1  2  4  8 15] 			 [0, 1, 2, 4, 8, 15]



 Rule :  [165, 165, 165, 165]
[0, 1, 2, 3, 4, 5, 6, 7, 8, 9, 10, 11, 12, 13, 14, 15] 	 [15, 5, 10, 0, 5, 15, 0, 10, 10, 0, 15, 5, 0, 10, 5, 15]
[ 0  5 10 15] 			 [15, 15, 15, 15]
[15] 			 [15]



 Rule :  [166, 166, 166, 166]
[0, 1, 2, 3, 4, 5, 6, 7, 8, 9, 10, 11, 12, 13, 14, 15] 	 [0, 3, 6, 4, 12, 15, 8, 10, 9, 2, 15, 5, 1, 10, 5, 15]
[ 0  1  2  3  4  5  6  8  9 10 12 15] 			 [0, 3, 6, 4, 12, 15, 8, 9, 2, 15, 1, 15]
[ 0  1  2  3  4  6  8  9 12 15] 			 [0, 3, 6, 4, 12, 8, 9, 2, 1, 15]



 Rule :  [167, 167, 167, 167]
[0, 1, 2, 3, 4, 5, 6, 7, 8, 9, 10, 11, 12, 13, 14, 15] 	 [15, 7, 14, 4, 13, 15, 8, 10, 11, 2, 15, 5, 1, 10, 5, 15]
[ 1  2  4  5  7  8 10 11 13 14 15] 			 [7, 14, 13, 15, 10, 11, 15, 5, 10, 5, 15]
[ 5  7 10 11 13 14 15] 			 [15, 10, 15, 5, 10, 5, 15]
[ 5 10 15] 			 [15, 15, 15]
[15] 			 [15]



 Rule :  [168, 168, 168, 168]
[0, 1, 2, 3, 4, 5, 6, 7, 8, 9, 10, 11, 12, 13, 14, 15] 	 [0, 0, 0, 2, 0, 10, 4, 14, 0, 1, 5, 7, 8, 11, 13, 15]
[ 0  1  2  4  5  7  8 10 11 13 14 15] 			 [0, 0, 0, 0, 10, 14, 0, 5, 7, 11, 13, 15]
[ 0  5  7 10 11 13 14 15] 			 [0, 10, 14, 5, 7, 11, 13, 15]



 Rule :  [169, 169, 169, 169]
[0, 1, 2, 3, 4, 5, 6, 7, 8, 9, 10, 11, 12, 13, 14, 15] 	 [15, 4, 8, 2, 1, 10, 4, 14, 2, 1, 5, 7, 8, 11, 13, 15]
[ 1  2  4  5  7  8 10 11 13 14 15] 			 [4, 8, 1, 10, 14, 2, 5, 7, 11, 13, 15]



 Rule :  [170, 170, 170, 170]
[0, 1, 2, 3, 4, 5, 6, 7, 8, 9, 10, 11, 12, 13, 14, 15] 	 [0, 2, 4, 6, 8, 10, 12, 14, 1, 3, 5, 7, 9, 11, 13, 15]
[ 0  1  2  3  4  5  6  7  8  9 10 11 12 13 14 15] 			 [0, 2, 4, 6, 8, 10, 12, 14, 1, 3, 5, 7, 9, 11, 13, 15]



 Rule :  [171, 171, 171, 171]
[0, 1, 2, 3, 4, 5, 6, 7, 8, 9, 10, 11, 12, 13, 14, 15] 	 [15, 6, 12, 6, 9, 10, 12, 14, 3, 3, 5, 7, 9, 11, 13, 15]
[ 3  5  6  7  9 10 11 12 13 14 15] 			 [6, 10, 12, 14, 3, 5, 7, 9, 11, 13, 15]



 Rule :  [172, 172, 172, 172]
[0, 1, 2, 3, 4, 5, 6, 7, 8, 9, 10, 11, 12, 13, 14, 15] 	 [0, 1, 2, 2, 4, 15, 4, 14, 8, 1, 15, 7, 8, 11, 13, 15]
[ 0  1  2  4  7  8 11 13 14 15] 			 [0, 1, 2, 4, 14, 8, 7, 11, 13, 15]



 Rule :  [173, 173, 173, 173]
[0, 1, 2, 3, 4, 5, 6, 7, 8, 9, 10, 11, 12, 13, 14, 15] 	 [15, 5, 10, 2, 5, 15, 4, 14, 10, 1, 15, 7, 8, 11, 13, 15]
[ 1  2  4  5  7  8 10 11 13 14 15] 			 [5, 10, 5, 15, 14, 10, 15, 7, 11, 13, 15]
[ 5  7 10 11 13 14 15] 			 [15, 14, 15, 7, 11, 13, 15]
[ 7 11 13 14 15] 			 [14, 7, 11, 13, 15]



 Rule :  [174, 174, 174, 174]
[0, 1, 2, 3, 4, 5, 6, 7, 8, 9, 10, 11, 12, 13, 14, 15] 	 [0, 3, 6, 6, 12, 15, 12, 14, 9, 3, 15, 7, 9, 11, 13, 15]
[ 0  3  6  7  9 11 12 13 14 15] 			 [0, 6, 12, 14, 3, 7, 9, 11, 13, 15]



 Rule :  [175, 175, 175, 175]
[0, 1, 2, 3, 4, 5, 6, 7, 8, 9, 10, 11, 12, 13, 14, 15] 	 [15, 7, 14, 6, 13, 15, 12, 14, 11, 3, 15, 7, 9, 11, 13, 15]
[ 3  6  7  9 11 12 13 14 15] 			 [6, 12, 14, 3, 7, 9, 11, 13, 15]



 Rule :  [176, 176, 176, 176]
[0, 1, 2, 3, 4, 5, 6, 7, 8, 9, 10, 11, 12, 13, 14, 15] 	 [0, 8, 1, 8, 2, 10, 1, 10, 4, 4, 5, 5, 2, 10, 5, 15]
[ 0  1  2  4  5  8 10 15] 			 [0, 8, 1, 2, 10, 4, 5, 15]



 Rule :  [177, 177, 177, 177]
[0, 1, 2, 3, 4, 5, 6, 7, 8, 9, 10, 11, 12, 13, 14, 15] 	 [15, 12, 9, 8, 3, 10, 1, 10, 6, 4, 5, 5, 2, 10, 5, 15]
[ 1  2  3  4  5  6  8  9 10 12 15] 			 [12, 9, 8, 3, 10, 1, 6, 4, 5, 2, 15]



 Rule :  [178, 178, 178, 178]
[0, 1, 2, 3, 4, 5, 6, 7, 8, 9, 10, 11, 12, 13, 14, 15] 	 [0, 10, 5, 12, 10, 10, 9, 10, 5, 6, 5, 5, 3, 10, 5, 15]
[ 0  3  5  6  9 10 12 15] 			 [0, 12, 10, 9, 6, 5, 3, 15]



 Rule :  [179, 179, 179, 179]
[0, 1, 2, 3, 4, 5, 6, 7, 8, 9, 10, 11, 12, 13, 14, 15] 	 [15, 14, 13, 12, 11, 10, 9, 10, 7, 6, 5, 5, 3, 10, 5, 15]
[ 3  5  6  7  9 10 11 12 13 14 15] 			 [12, 10, 9, 10, 6, 5, 5, 3, 10, 5, 15]
[ 3  5  6  9 10 12 15] 			 [12, 10, 9, 6, 5, 3, 15]



 Rule :  [180, 180, 180, 180]
[0, 1, 2, 3, 4, 5, 6, 7, 8, 9, 10, 11, 12, 13, 14, 15] 	 [0, 9, 3, 8, 6, 15, 1, 10, 12, 4, 15, 5, 2, 10, 5, 15]
[ 0  1  2  3  4  5  6  8  9 10 12 15] 			 [0, 9, 3, 8, 6, 15, 1, 12, 4, 15, 2, 15]
[ 0  1  2  3  4  6  8  9 12 15] 			 [0, 9, 3, 8, 6, 1, 12, 4, 2, 15]



 Rule :  [181, 181, 181, 181]
[0, 1, 2, 3, 4, 5, 6, 7, 8, 9, 10, 11, 12, 13, 14, 15] 	 [15, 13, 11, 8, 7, 15, 1, 10, 14, 4, 15, 5, 2, 10, 5, 15]
[ 1  2  4  5  7  8 10 11 13 14 15] 			 [13, 11, 7, 15, 10, 14, 15, 5, 10, 5, 15]
[ 5  7 10 11 13 14 15] 			 [15, 10, 15, 5, 10, 5, 15]
[ 5 10 15] 			 [15, 15, 15]
[15] 			 [15]



 Rule :  [182, 182, 182, 182]
[0, 1, 2, 3, 4, 5, 6, 7, 8, 9, 10, 11, 12, 13, 14, 15] 	 [0, 11, 7, 12, 14, 15, 9, 10, 13, 6, 15, 5, 3, 10, 5, 15]
[ 0  3  5  6  7  9 10 11 12 13 14 15] 			 [0, 12, 15, 9, 10, 6, 15, 5, 3, 10, 5, 15]
[ 0  3  5  6  9 10 12 15] 			 [0, 12, 15, 9, 6, 15, 3, 15]
[ 0  3  6  9 12 15] 			 [0, 12, 9, 6, 3, 15]



 Rule :  [183, 183, 183, 183]
[0, 1, 2, 3, 4, 5, 6, 7, 8, 9, 10, 11, 12, 13, 14, 15] 	 [15, 15, 15, 12, 15, 15, 9, 10, 15, 6, 15, 5, 3, 10, 5, 15]
[ 3  5  6  9 10 12 15] 			 [12, 15, 9, 6, 15, 3, 15]
[ 3  6  9 12 15] 			 [12, 9, 6, 3, 15]



 Rule :  [184, 184, 184, 184]
[0, 1, 2, 3, 4, 5, 6, 7, 8, 9, 10, 11, 12, 13, 14, 15] 	 [0, 8, 1, 10, 2, 10, 5, 14, 4, 5, 5, 7, 10, 11, 13, 15]
[ 0  1  2  4  5  7  8 10 11 13 14 15] 			 [0, 8, 1, 2, 10, 14, 4, 5, 7, 11, 13, 15]



 Rule :  [185, 185, 185, 185]
[0, 1, 2, 3, 4, 5, 6, 7, 8, 9, 10, 11, 12, 13, 14, 15] 	 [15, 12, 9, 10, 3, 10, 5, 14, 6, 5, 5, 7, 10, 11, 13, 15]
[ 3  5  6  7  9 10 11 12 13 14 15] 			 [10, 10, 5, 14, 5, 5, 7, 10, 11, 13, 15]
[ 5  7 10 11 13 14 15] 			 [10, 14, 5, 7, 11, 13, 15]



 Rule :  [186, 186, 186, 186]
[0, 1, 2, 3, 4, 5, 6, 7, 8, 9, 10, 11, 12, 13, 14, 15] 	 [0, 10, 5, 14, 10, 10, 13, 14, 5, 7, 5, 7, 11, 11, 13, 15]
[ 0  5  7 10 11 13 14 15] 			 [0, 10, 14, 5, 7, 11, 13, 15]



 Rule :  [187, 187, 187, 187]
[0, 1, 2, 3, 4, 5, 6, 7, 8, 9, 10, 11, 12, 13, 14, 15] 	 [15, 14, 13, 14, 11, 10, 13, 14, 7, 7, 5, 7, 11, 11, 13, 15]
[ 5  7 10 11 13 14 15] 			 [10, 14, 5, 7, 11, 13, 15]



 Rule :  [188, 188, 188, 188]
[0, 1, 2, 3, 4, 5, 6, 7, 8, 9, 10, 11, 12, 13, 14, 15] 	 [0, 9, 3, 10, 6, 15, 5, 14, 12, 5, 15, 7, 10, 11, 13, 15]
[ 0  3  5  6  7  9 10 11 12 13 14 15] 			 [0, 10, 15, 5, 14, 5, 15, 7, 10, 11, 13, 15]
[ 0  5  7 10 11 13 14 15] 			 [0, 15, 14, 15, 7, 11, 13, 15]
[ 0  7 11 13 14 15] 			 [0, 14, 7, 11, 13, 15]



 Rule :  [189, 189, 189, 189]
[0, 1, 2, 3, 4, 5, 6, 7, 8, 9, 10, 11, 12, 13, 14, 15] 	 [15, 13, 11, 10, 7, 15, 5, 14, 14, 5, 15, 7, 10, 11, 13, 15]
[ 5  7 10 11 13 14 15] 			 [15, 14, 15, 7, 11, 13, 15]
[ 7 11 13 14 15] 			 [14, 7, 11, 13, 15]



 Rule :  [190, 190, 190, 190]
[0, 1, 2, 3, 4, 5, 6, 7, 8, 9, 10, 11, 12, 13, 14, 15] 	 [0, 11, 7, 14, 14, 15, 13, 14, 13, 7, 15, 7, 11, 11, 13, 15]
[ 0  7 11 13 14 15] 			 [0, 14, 7, 11, 13, 15]



 Rule :  [191, 191, 191, 191]
[0, 1, 2, 3, 4, 5, 6, 7, 8, 9, 10, 11, 12, 13, 14, 15] 	 [15, 15, 15, 14, 15, 15, 13, 14, 15, 7, 15, 7, 11, 11, 13, 15]
[ 7 11 13 14 15] 			 [14, 7, 11, 13, 15]



 Rule :  [192, 192, 192, 192]
[0, 1, 2, 3, 4, 5, 6, 7, 8, 9, 10, 11, 12, 13, 14, 15] 	 [0, 0, 0, 1, 0, 0, 2, 3, 0, 8, 0, 9, 4, 12, 6, 15]
[ 0  1  2  3  4  6  8  9 12 15] 			 [0, 0, 0, 1, 0, 2, 0, 8, 4, 15]
[ 0  1  2  4  8 15] 			 [0, 0, 0, 0, 0, 15]
[ 0 15] 			 [0, 15]



 Rule :  [193, 193, 193, 193]
[0, 1, 2, 3, 4, 5, 6, 7, 8, 9, 10, 11, 12, 13, 14, 15] 	 [15, 4, 8, 1, 1, 0, 2, 3, 2, 8, 0, 9, 4, 12, 6, 15]
[ 0  1  2  3  4  6  8  9 12 15] 			 [15, 4, 8, 1, 1, 2, 2, 8, 4, 15]
[ 1  2  4  8 15] 			 [4, 8, 1, 2, 15]



 Rule :  [194, 194, 194, 194]
[0, 1, 2, 3, 4, 5, 6, 7, 8, 9, 10, 11, 12, 13, 14, 15] 	 [0, 2, 4, 5, 8, 0, 10, 3, 1, 10, 0, 9, 5, 12, 6, 15]
[ 0  1  2  3  4  5  6  8  9 10 12 15] 			 [0, 2, 4, 5, 8, 0, 10, 1, 10, 0, 5, 15]
[ 0  1  2  4  5  8 10 15] 			 [0, 2, 4, 8, 0, 1, 0, 15]
[ 0  1  2  4  8 15] 			 [0, 2, 4, 8, 1, 15]



 Rule :  [195, 195, 195, 195]
[0, 1, 2, 3, 4, 5, 6, 7, 8, 9, 10, 11, 12, 13, 14, 15] 	 [15, 6, 12, 5, 9, 0, 10, 3, 3, 10, 0, 9, 5, 12, 6, 15]
[ 0  3  5  6  9 10 12 15] 			 [15, 5, 0, 10, 10, 0, 5, 15]
[ 0  5 10 15] 			 [15, 0, 0, 15]
[ 0 15] 			 [15, 15]
[15] 			 [15]



 Rule :  [196, 196, 196, 196]
[0, 1, 2, 3, 4, 5, 6, 7, 8, 9, 10, 11, 12, 13, 14, 15] 	 [0, 1, 2, 1, 4, 5, 2, 3, 8, 8, 10, 9, 4, 12, 6, 15]
[ 0  1  2  3  4  5  6  8  9 10 12 15] 			 [0, 1, 2, 1, 4, 5, 2, 8, 8, 10, 4, 15]
[ 0  1  2  4  5  8 10 15] 			 [0, 1, 2, 4, 5, 8, 10, 15]



 Rule :  [197, 197, 197, 197]
[0, 1, 2, 3, 4, 5, 6, 7, 8, 9, 10, 11, 12, 13, 14, 15] 	 [15, 5, 10, 1, 5, 5, 2, 3, 10, 8, 10, 9, 4, 12, 6, 15]
[ 1  2  3  4  5  6  8  9 10 12 15] 			 [5, 10, 1, 5, 5, 2, 10, 8, 10, 4, 15]
[ 1  2  4  5  8 10 15] 			 [5, 10, 5, 5, 10, 10, 15]
[ 5 10 15] 			 [5, 10, 15]



 Rule :  [198, 198, 198, 198]
[0, 1, 2, 3, 4, 5, 6, 7, 8, 9, 10, 11, 12, 13, 14, 15] 	 [0, 3, 6, 5, 12, 5, 10, 3, 9, 10, 10, 9, 5, 12, 6, 15]
[ 0  3  5  6  9 10 12 15] 			 [0, 5, 5, 10, 10, 10, 5, 15]
[ 0  5 10 15] 			 [0, 5, 10, 15]



 Rule :  [199, 199, 199, 199]
[0, 1, 2, 3, 4, 5, 6, 7, 8, 9, 10, 11, 12, 13, 14, 15] 	 [15, 7, 14, 5, 13, 5, 10, 3, 11, 10, 10, 9, 5, 12, 6, 15]
[ 3  5  6  7  9 10 11 12 13 14 15] 			 [5, 5, 10, 3, 10, 10, 9, 5, 12, 6, 15]
[ 3  5  6  9 10 12 15] 			 [5, 5, 10, 10, 10, 5, 15]
[ 5 10 15] 			 [5, 10, 15]



 Rule :  [200, 200, 200, 200]
[0, 1, 2, 3, 4, 5, 6, 7, 8, 9, 10, 11, 12, 13, 14, 15] 	 [0, 0, 0, 3, 0, 0, 6, 7, 0, 9, 0, 11, 12, 13, 14, 15]
[ 0  3  6  7  9 11 12 13 14 15] 			 [0, 3, 6, 7, 9, 11, 12, 13, 14, 15]



 Rule :  [201, 201, 201, 201]
[0, 1, 2, 3, 4, 5, 6, 7, 8, 9, 10, 11, 12, 13, 14, 15] 	 [15, 4, 8, 3, 1, 0, 6, 7, 2, 9, 0, 11, 12, 13, 14, 15]
[ 0  1  2  3  4  6  7  8  9 11 12 13 14 15] 			 [15, 4, 8, 3, 1, 6, 7, 2, 9, 11, 12, 13, 14, 15]
[ 1  2  3  4  6  7  8  9 11 12 13 14 15] 			 [4, 8, 3, 1, 6, 7, 2, 9, 11, 12, 13, 14, 15]



 Rule :  [202, 202, 202, 202]
[0, 1, 2, 3, 4, 5, 6, 7, 8, 9, 10, 11, 12, 13, 14, 15] 	 [0, 2, 4, 7, 8, 0, 14, 7, 1, 11, 0, 11, 13, 13, 14, 15]
[ 0  1  2  4  7  8 11 13 14 15] 			 [0, 2, 4, 8, 7, 1, 11, 13, 14, 15]



 Rule :  [203, 203, 203, 203]
[0, 1, 2, 3, 4, 5, 6, 7, 8, 9, 10, 11, 12, 13, 14, 15] 	 [15, 6, 12, 7, 9, 0, 14, 7, 3, 11, 0, 11, 13, 13, 14, 15]
[ 0  3  6  7  9 11 12 13 14 15] 			 [15, 7, 14, 7, 11, 11, 13, 13, 14, 15]
[ 7 11 13 14 15] 			 [7, 11, 13, 14, 15]



 Rule :  [204, 204, 204, 204]
[0, 1, 2, 3, 4, 5, 6, 7, 8, 9, 10, 11, 12, 13, 14, 15] 	 [0, 1, 2, 3, 4, 5, 6, 7, 8, 9, 10, 11, 12, 13, 14, 15]
[ 0  1  2  3  4  5  6  7  8  9 10 11 12 13 14 15] 			 [0, 1, 2, 3, 4, 5, 6, 7, 8, 9, 10, 11, 12, 13, 14, 15]



 Rule :  [205, 205, 205, 205]
[0, 1, 2, 3, 4, 5, 6, 7, 8, 9, 10, 11, 12, 13, 14, 15] 	 [15, 5, 10, 3, 5, 5, 6, 7, 10, 9, 10, 11, 12, 13, 14, 15]
[ 3  5  6  7  9 10 11 12 13 14 15] 			 [3, 5, 6, 7, 9, 10, 11, 12, 13, 14, 15]



 Rule :  [206, 206, 206, 206]
[0, 1, 2, 3, 4, 5, 6, 7, 8, 9, 10, 11, 12, 13, 14, 15] 	 [0, 3, 6, 7, 12, 5, 14, 7, 9, 11, 10, 11, 13, 13, 14, 15]
[ 0  3  5  6  7  9 10 11 12 13 14 15] 			 [0, 7, 5, 14, 7, 11, 10, 11, 13, 13, 14, 15]
[ 0  5  7 10 11 13 14 15] 			 [0, 5, 7, 10, 11, 13, 14, 15]



 Rule :  [207, 207, 207, 207]
[0, 1, 2, 3, 4, 5, 6, 7, 8, 9, 10, 11, 12, 13, 14, 15] 	 [15, 7, 14, 7, 13, 5, 14, 7, 11, 11, 10, 11, 13, 13, 14, 15]
[ 5  7 10 11 13 14 15] 			 [5, 7, 10, 11, 13, 14, 15]



 Rule :  [208, 208, 208, 208]
[0, 1, 2, 3, 4, 5, 6, 7, 8, 9, 10, 11, 12, 13, 14, 15] 	 [0, 8, 1, 9, 2, 0, 3, 3, 4, 12, 0, 9, 6, 12, 6, 15]
[ 0  1  2  3  4  6  8  9 12 15] 			 [0, 8, 1, 9, 2, 3, 4, 12, 6, 15]



 Rule :  [209, 209, 209, 209]
[0, 1, 2, 3, 4, 5, 6, 7, 8, 9, 10, 11, 12, 13, 14, 15] 	 [15, 12, 9, 9, 3, 0, 3, 3, 6, 12, 0, 9, 6, 12, 6, 15]
[ 0  3  6  9 12 15] 			 [15, 9, 3, 12, 6, 15]
[ 3  6  9 12 15] 			 [9, 3, 12, 6, 15]



 Rule :  [210, 210, 210, 210]
[0, 1, 2, 3, 4, 5, 6, 7, 8, 9, 10, 11, 12, 13, 14, 15] 	 [0, 10, 5, 13, 10, 0, 11, 3, 5, 14, 0, 9, 7, 12, 6, 15]
[ 0  3  5  6  7  9 10 11 12 13 14 15] 			 [0, 13, 0, 11, 3, 14, 0, 9, 7, 12, 6, 15]
[ 0  3  6  7  9 11 12 13 14 15] 			 [0, 13, 11, 3, 14, 9, 7, 12, 6, 15]



 Rule :  [211, 211, 211, 211]
[0, 1, 2, 3, 4, 5, 6, 7, 8, 9, 10, 11, 12, 13, 14, 15] 	 [15, 14, 13, 13, 11, 0, 11, 3, 7, 14, 0, 9, 7, 12, 6, 15]
[ 0  3  6  7  9 11 12 13 14 15] 			 [15, 13, 11, 3, 14, 9, 7, 12, 6, 15]
[ 3  6  7  9 11 12 13 14 15] 			 [13, 11, 3, 14, 9, 7, 12, 6, 15]



 Rule :  [212, 212, 212, 212]
[0, 1, 2, 3, 4, 5, 6, 7, 8, 9, 10, 11, 12, 13, 14, 15] 	 [0, 9, 3, 9, 6, 5, 3, 3, 12, 12, 10, 9, 6, 12, 6, 15]
[ 0  3  5  6  9 10 12 15] 			 [0, 9, 5, 3, 12, 10, 6, 15]



 Rule :  [213, 213, 213, 213]
[0, 1, 2, 3, 4, 5, 6, 7, 8, 9, 10, 11, 12, 13, 14, 15] 	 [15, 13, 11, 9, 7, 5, 3, 3, 14, 12, 10, 9, 6, 12, 6, 15]
[ 3  5  6  7  9 10 11 12 13 14 15] 			 [9, 5, 3, 3, 12, 10, 9, 6, 12, 6, 15]
[ 3  5  6  9 10 12 15] 			 [9, 5, 3, 12, 10, 6, 15]



 Rule :  [214, 214, 214, 214]
[0, 1, 2, 3, 4, 5, 6, 7, 8, 9, 10, 11, 12, 13, 14, 15] 	 [0, 11, 7, 13, 14, 5, 11, 3, 13, 14, 10, 9, 7, 12, 6, 15]
[ 0  3  5  6  7  9 10 11 12 13 14 15] 			 [0, 13, 5, 11, 3, 14, 10, 9, 7, 12, 6, 15]



 Rule :  [215, 215, 215, 215]
[0, 1, 2, 3, 4, 5, 6, 7, 8, 9, 10, 11, 12, 13, 14, 15] 	 [15, 15, 15, 13, 15, 5, 11, 3, 15, 14, 10, 9, 7, 12, 6, 15]
[ 3  5  6  7  9 10 11 12 13 14 15] 			 [13, 5, 11, 3, 14, 10, 9, 7, 12, 6, 15]



 Rule :  [216, 216, 216, 216]
[0, 1, 2, 3, 4, 5, 6, 7, 8, 9, 10, 11, 12, 13, 14, 15] 	 [0, 8, 1, 11, 2, 0, 7, 7, 4, 13, 0, 11, 14, 13, 14, 15]
[ 0  1  2  4  7  8 11 13 14 15] 			 [0, 8, 1, 2, 7, 4, 11, 13, 14, 15]



 Rule :  [217, 217, 217, 217]
[0, 1, 2, 3, 4, 5, 6, 7, 8, 9, 10, 11, 12, 13, 14, 15] 	 [15, 12, 9, 11, 3, 0, 7, 7, 6, 13, 0, 11, 14, 13, 14, 15]
[ 0  3  6  7  9 11 12 13 14 15] 			 [15, 11, 7, 7, 13, 11, 14, 13, 14, 15]
[ 7 11 13 14 15] 			 [7, 11, 13, 14, 15]



 Rule :  [218, 218, 218, 218]
[0, 1, 2, 3, 4, 5, 6, 7, 8, 9, 10, 11, 12, 13, 14, 15] 	 [0, 10, 5, 15, 10, 0, 15, 7, 5, 15, 0, 11, 15, 13, 14, 15]
[ 0  5  7 10 11 13 14 15] 			 [0, 0, 7, 0, 11, 13, 14, 15]
[ 0  7 11 13 14 15] 			 [0, 7, 11, 13, 14, 15]



 Rule :  [219, 219, 219, 219]
[0, 1, 2, 3, 4, 5, 6, 7, 8, 9, 10, 11, 12, 13, 14, 15] 	 [15, 14, 13, 15, 11, 0, 15, 7, 7, 15, 0, 11, 15, 13, 14, 15]
[ 0  7 11 13 14 15] 			 [15, 7, 11, 13, 14, 15]
[ 7 11 13 14 15] 			 [7, 11, 13, 14, 15]



 Rule :  [220, 220, 220, 220]
[0, 1, 2, 3, 4, 5, 6, 7, 8, 9, 10, 11, 12, 13, 14, 15] 	 [0, 9, 3, 11, 6, 5, 7, 7, 12, 13, 10, 11, 14, 13, 14, 15]
[ 0  3  5  6  7  9 10 11 12 13 14 15] 			 [0, 11, 5, 7, 7, 13, 10, 11, 14, 13, 14, 15]
[ 0  5  7 10 11 13 14 15] 			 [0, 5, 7, 10, 11, 13, 14, 15]



 Rule :  [221, 221, 221, 221]
[0, 1, 2, 3, 4, 5, 6, 7, 8, 9, 10, 11, 12, 13, 14, 15] 	 [15, 13, 11, 11, 7, 5, 7, 7, 14, 13, 10, 11, 14, 13, 14, 15]
[ 5  7 10 11 13 14 15] 			 [5, 7, 10, 11, 13, 14, 15]



 Rule :  [222, 222, 222, 222]
[0, 1, 2, 3, 4, 5, 6, 7, 8, 9, 10, 11, 12, 13, 14, 15] 	 [0, 11, 7, 15, 14, 5, 15, 7, 13, 15, 10, 11, 15, 13, 14, 15]
[ 0  5  7 10 11 13 14 15] 			 [0, 5, 7, 10, 11, 13, 14, 15]



 Rule :  [223, 223, 223, 223]
[0, 1, 2, 3, 4, 5, 6, 7, 8, 9, 10, 11, 12, 13, 14, 15] 	 [15, 15, 15, 15, 15, 5, 15, 7, 15, 15, 10, 11, 15, 13, 14, 15]
[ 5  7 10 11 13 14 15] 			 [5, 7, 10, 11, 13, 14, 15]



 Rule :  [224, 224, 224, 224]
[0, 1, 2, 3, 4, 5, 6, 7, 8, 9, 10, 11, 12, 13, 14, 15] 	 [0, 0, 0, 1, 0, 10, 2, 11, 0, 8, 5, 13, 4, 14, 7, 15]
[ 0  1  2  4  5  7  8 10 11 13 14 15] 			 [0, 0, 0, 0, 10, 11, 0, 5, 13, 14, 7, 15]
[ 0  5  7 10 11 13 14 15] 			 [0, 10, 11, 5, 13, 14, 7, 15]



 Rule :  [225, 225, 225, 225]
[0, 1, 2, 3, 4, 5, 6, 7, 8, 9, 10, 11, 12, 13, 14, 15] 	 [15, 4, 8, 1, 1, 10, 2, 11, 2, 8, 5, 13, 4, 14, 7, 15]
[ 1  2  4  5  7  8 10 11 13 14 15] 			 [4, 8, 1, 10, 11, 2, 5, 13, 14, 7, 15]



 Rule :  [226, 226, 226, 226]
[0, 1, 2, 3, 4, 5, 6, 7, 8, 9, 10, 11, 12, 13, 14, 15] 	 [0, 2, 4, 5, 8, 10, 10, 11, 1, 10, 5, 13, 5, 14, 7, 15]
[ 0  1  2  4  5  7  8 10 11 13 14 15] 			 [0, 2, 4, 8, 10, 11, 1, 5, 13, 14, 7, 15]



 Rule :  [227, 227, 227, 227]
[0, 1, 2, 3, 4, 5, 6, 7, 8, 9, 10, 11, 12, 13, 14, 15] 	 [15, 6, 12, 5, 9, 10, 10, 11, 3, 10, 5, 13, 5, 14, 7, 15]
[ 3  5  6  7  9 10 11 12 13 14 15] 			 [5, 10, 10, 11, 10, 5, 13, 5, 14, 7, 15]
[ 5  7 10 11 13 14 15] 			 [10, 11, 5, 13, 14, 7, 15]



 Rule :  [228, 228, 228, 228]
[0, 1, 2, 3, 4, 5, 6, 7, 8, 9, 10, 11, 12, 13, 14, 15] 	 [0, 1, 2, 1, 4, 15, 2, 11, 8, 8, 15, 13, 4, 14, 7, 15]
[ 0  1  2  4  7  8 11 13 14 15] 			 [0, 1, 2, 4, 11, 8, 13, 14, 7, 15]



 Rule :  [229, 229, 229, 229]
[0, 1, 2, 3, 4, 5, 6, 7, 8, 9, 10, 11, 12, 13, 14, 15] 	 [15, 5, 10, 1, 5, 15, 2, 11, 10, 8, 15, 13, 4, 14, 7, 15]
[ 1  2  4  5  7  8 10 11 13 14 15] 			 [5, 10, 5, 15, 11, 10, 15, 13, 14, 7, 15]
[ 5  7 10 11 13 14 15] 			 [15, 11, 15, 13, 14, 7, 15]
[ 7 11 13 14 15] 			 [11, 13, 14, 7, 15]



 Rule :  [230, 230, 230, 230]
[0, 1, 2, 3, 4, 5, 6, 7, 8, 9, 10, 11, 12, 13, 14, 15] 	 [0, 3, 6, 5, 12, 15, 10, 11, 9, 10, 15, 13, 5, 14, 7, 15]
[ 0  3  5  6  7  9 10 11 12 13 14 15] 			 [0, 5, 15, 10, 11, 10, 15, 13, 5, 14, 7, 15]
[ 0  5  7 10 11 13 14 15] 			 [0, 15, 11, 15, 13, 14, 7, 15]
[ 0  7 11 13 14 15] 			 [0, 11, 13, 14, 7, 15]



 Rule :  [231, 231, 231, 231]
[0, 1, 2, 3, 4, 5, 6, 7, 8, 9, 10, 11, 12, 13, 14, 15] 	 [15, 7, 14, 5, 13, 15, 10, 11, 11, 10, 15, 13, 5, 14, 7, 15]
[ 5  7 10 11 13 14 15] 			 [15, 11, 15, 13, 14, 7, 15]
[ 7 11 13 14 15] 			 [11, 13, 14, 7, 15]



 Rule :  [232, 232, 232, 232]
[0, 1, 2, 3, 4, 5, 6, 7, 8, 9, 10, 11, 12, 13, 14, 15] 	 [0, 0, 0, 3, 0, 10, 6, 15, 0, 9, 5, 15, 12, 15, 15, 15]
[ 0  3  5  6  9 10 12 15] 			 [0, 3, 10, 6, 9, 5, 12, 15]



 Rule :  [233, 233, 233, 233]
[0, 1, 2, 3, 4, 5, 6, 7, 8, 9, 10, 11, 12, 13, 14, 15] 	 [15, 4, 8, 3, 1, 10, 6, 15, 2, 9, 5, 15, 12, 15, 15, 15]
[ 1  2  3  4  5  6  8  9 10 12 15] 			 [4, 8, 3, 1, 10, 6, 2, 9, 5, 12, 15]



 Rule :  [234, 234, 234, 234]
[0, 1, 2, 3, 4, 5, 6, 7, 8, 9, 10, 11, 12, 13, 14, 15] 	 [0, 2, 4, 7, 8, 10, 14, 15, 1, 11, 5, 15, 13, 15, 15, 15]
[ 0  1  2  4  5  7  8 10 11 13 14 15] 			 [0, 2, 4, 8, 10, 15, 1, 5, 15, 15, 15, 15]
[ 0  1  2  4  5  8 10 15] 			 [0, 2, 4, 8, 10, 1, 5, 15]



 Rule :  [235, 235, 235, 235]
[0, 1, 2, 3, 4, 5, 6, 7, 8, 9, 10, 11, 12, 13, 14, 15] 	 [15, 6, 12, 7, 9, 10, 14, 15, 3, 11, 5, 15, 13, 15, 15, 15]
[ 3  5  6  7  9 10 11 12 13 14 15] 			 [7, 10, 14, 15, 11, 5, 15, 13, 15, 15, 15]
[ 5  7 10 11 13 14 15] 			 [10, 15, 5, 15, 15, 15, 15]
[ 5 10 15] 			 [10, 5, 15]



 Rule :  [236, 236, 236, 236]
[0, 1, 2, 3, 4, 5, 6, 7, 8, 9, 10, 11, 12, 13, 14, 15] 	 [0, 1, 2, 3, 4, 15, 6, 15, 8, 9, 15, 15, 12, 15, 15, 15]
[ 0  1  2  3  4  6  8  9 12 15] 			 [0, 1, 2, 3, 4, 6, 8, 9, 12, 15]



 Rule :  [237, 237, 237, 237]
[0, 1, 2, 3, 4, 5, 6, 7, 8, 9, 10, 11, 12, 13, 14, 15] 	 [15, 5, 10, 3, 5, 15, 6, 15, 10, 9, 15, 15, 12, 15, 15, 15]
[ 3  5  6  9 10 12 15] 			 [3, 15, 6, 9, 15, 12, 15]
[ 3  6  9 12 15] 			 [3, 6, 9, 12, 15]



 Rule :  [238, 238, 238, 238]
[0, 1, 2, 3, 4, 5, 6, 7, 8, 9, 10, 11, 12, 13, 14, 15] 	 [0, 3, 6, 7, 12, 15, 14, 15, 9, 11, 15, 15, 13, 15, 15, 15]
[ 0  3  6  7  9 11 12 13 14 15] 			 [0, 7, 14, 15, 11, 15, 13, 15, 15, 15]
[ 0  7 11 13 14 15] 			 [0, 15, 15, 15, 15, 15]
[ 0 15] 			 [0, 15]



 Rule :  [239, 239, 239, 239]
[0, 1, 2, 3, 4, 5, 6, 7, 8, 9, 10, 11, 12, 13, 14, 15] 	 [15, 7, 14, 7, 13, 15, 14, 15, 11, 11, 15, 15, 13, 15, 15, 15]
[ 7 11 13 14 15] 			 [15, 15, 15, 15, 15]
[15] 			 [15]



 Rule :  [240, 240, 240, 240]
[0, 1, 2, 3, 4, 5, 6, 7, 8, 9, 10, 11, 12, 13, 14, 15] 	 [0, 8, 1, 9, 2, 10, 3, 11, 4, 12, 5, 13, 6, 14, 7, 15]
[ 0  1  2  3  4  5  6  7  8  9 10 11 12 13 14 15] 			 [0, 8, 1, 9, 2, 10, 3, 11, 4, 12, 5, 13, 6, 14, 7, 15]



 Rule :  [241, 241, 241, 241]
[0, 1, 2, 3, 4, 5, 6, 7, 8, 9, 10, 11, 12, 13, 14, 15] 	 [15, 12, 9, 9, 3, 10, 3, 11, 6, 12, 5, 13, 6, 14, 7, 15]
[ 3  5  6  7  9 10 11 12 13 14 15] 			 [9, 10, 3, 11, 12, 5, 13, 6, 14, 7, 15]



 Rule :  [242, 242, 242, 242]
[0, 1, 2, 3, 4, 5, 6, 7, 8, 9, 10, 11, 12, 13, 14, 15] 	 [0, 10, 5, 13, 10, 10, 11, 11, 5, 14, 5, 13, 7, 14, 7, 15]
[ 0  5  7 10 11 13 14 15] 			 [0, 10, 11, 5, 13, 14, 7, 15]



 Rule :  [243, 243, 243, 243]
[0, 1, 2, 3, 4, 5, 6, 7, 8, 9, 10, 11, 12, 13, 14, 15] 	 [15, 14, 13, 13, 11, 10, 11, 11, 7, 14, 5, 13, 7, 14, 7, 15]
[ 5  7 10 11 13 14 15] 			 [10, 11, 5, 13, 14, 7, 15]



 Rule :  [244, 244, 244, 244]
[0, 1, 2, 3, 4, 5, 6, 7, 8, 9, 10, 11, 12, 13, 14, 15] 	 [0, 9, 3, 9, 6, 15, 3, 11, 12, 12, 15, 13, 6, 14, 7, 15]
[ 0  3  6  7  9 11 12 13 14 15] 			 [0, 9, 3, 11, 12, 13, 6, 14, 7, 15]



 Rule :  [245, 245, 245, 245]
[0, 1, 2, 3, 4, 5, 6, 7, 8, 9, 10, 11, 12, 13, 14, 15] 	 [15, 13, 11, 9, 7, 15, 3, 11, 14, 12, 15, 13, 6, 14, 7, 15]
[ 3  6  7  9 11 12 13 14 15] 			 [9, 3, 11, 12, 13, 6, 14, 7, 15]



 Rule :  [246, 246, 246, 246]
[0, 1, 2, 3, 4, 5, 6, 7, 8, 9, 10, 11, 12, 13, 14, 15] 	 [0, 11, 7, 13, 14, 15, 11, 11, 13, 14, 15, 13, 7, 14, 7, 15]
[ 0  7 11 13 14 15] 			 [0, 11, 13, 14, 7, 15]



 Rule :  [247, 247, 247, 247]
[0, 1, 2, 3, 4, 5, 6, 7, 8, 9, 10, 11, 12, 13, 14, 15] 	 [15, 15, 15, 13, 15, 15, 11, 11, 15, 14, 15, 13, 7, 14, 7, 15]
[ 7 11 13 14 15] 			 [11, 13, 14, 7, 15]



 Rule :  [248, 248, 248, 248]
[0, 1, 2, 3, 4, 5, 6, 7, 8, 9, 10, 11, 12, 13, 14, 15] 	 [0, 8, 1, 11, 2, 10, 7, 15, 4, 13, 5, 15, 14, 15, 15, 15]
[ 0  1  2  4  5  7  8 10 11 13 14 15] 			 [0, 8, 1, 2, 10, 15, 4, 5, 15, 15, 15, 15]
[ 0  1  2  4  5  8 10 15] 			 [0, 8, 1, 2, 10, 4, 5, 15]



 Rule :  [249, 249, 249, 249]
[0, 1, 2, 3, 4, 5, 6, 7, 8, 9, 10, 11, 12, 13, 14, 15] 	 [15, 12, 9, 11, 3, 10, 7, 15, 6, 13, 5, 15, 14, 15, 15, 15]
[ 3  5  6  7  9 10 11 12 13 14 15] 			 [11, 10, 7, 15, 13, 5, 15, 14, 15, 15, 15]
[ 5  7 10 11 13 14 15] 			 [10, 15, 5, 15, 15, 15, 15]
[ 5 10 15] 			 [10, 5, 15]



 Rule :  [250, 250, 250, 250]
[0, 1, 2, 3, 4, 5, 6, 7, 8, 9, 10, 11, 12, 13, 14, 15] 	 [0, 10, 5, 15, 10, 10, 15, 15, 5, 15, 5, 15, 15, 15, 15, 15]
[ 0  5 10 15] 			 [0, 10, 5, 15]



 Rule :  [251, 251, 251, 251]
[0, 1, 2, 3, 4, 5, 6, 7, 8, 9, 10, 11, 12, 13, 14, 15] 	 [15, 14, 13, 15, 11, 10, 15, 15, 7, 15, 5, 15, 15, 15, 15, 15]
[ 5  7 10 11 13 14 15] 			 [10, 15, 5, 15, 15, 15, 15]
[ 5 10 15] 			 [10, 5, 15]



 Rule :  [252, 252, 252, 252]
[0, 1, 2, 3, 4, 5, 6, 7, 8, 9, 10, 11, 12, 13, 14, 15] 	 [0, 9, 3, 11, 6, 15, 7, 15, 12, 13, 15, 15, 14, 15, 15, 15]
[ 0  3  6  7  9 11 12 13 14 15] 			 [0, 11, 7, 15, 13, 15, 14, 15, 15, 15]
[ 0  7 11 13 14 15] 			 [0, 15, 15, 15, 15, 15]
[ 0 15] 			 [0, 15]



 Rule :  [253, 253, 253, 253]
[0, 1, 2, 3, 4, 5, 6, 7, 8, 9, 10, 11, 12, 13, 14, 15] 	 [15, 13, 11, 11, 7, 15, 7, 15, 14, 13, 15, 15, 14, 15, 15, 15]
[ 7 11 13 14 15] 			 [15, 15, 15, 15, 15]
[15] 			 [15]



 Rule :  [254, 254, 254, 254]
[0, 1, 2, 3, 4, 5, 6, 7, 8, 9, 10, 11, 12, 13, 14, 15] 	 [0, 11, 7, 15, 14, 15, 15, 15, 13, 15, 15, 15, 15, 15, 15, 15]
[ 0  7 11 13 14 15] 			 [0, 15, 15, 15, 15, 15]
[ 0 15] 			 [0, 15]



 Rule :  [255, 255, 255, 255]
[0, 1, 2, 3, 4, 5, 6, 7, 8, 9, 10, 11, 12, 13, 14, 15] 	 [15, 15, 15, 15, 15, 15, 15, 15, 15, 15, 15, 15, 15, 15, 15, 15]
[15] 			 [15]


